chromosome	start	end	gene	log2	depth	probes	weight	ci_lo	ci_hi	pi_lo	pi_hi
chr1	10500	121484934	-	0	0	804	535.57	0	0	0	0
chr1	142535934	249240121	-	0	0	698	465.856	0	0	0	0
chr2	10500	92325671	-	0	0	604	403.394	0	0	0	0
chr2	95326671	243188873	-	0	0	983	655.601	0	0	0	0
chr3	60500	90504354	-	0	0	603	401.663	0	0	0	0
chr3	93505354	197961930	-	0	0	696	464.412	0	0	0	0
chr4	10500	49659617	-	0	0	329	219.423	0	0	0	0
chr4	52660617	191043776	-	0	0	922	614.908	0	0	0	0
chr5	10500	46405141	-	0	0	309	206.043	0	0	0	0
chr5	49406141	180904760	-	0	0	876	583.961	0	0	0	0
chr6	60500	58779666	-	0	0	391	260.838	0	0	0	0
chr6	61880666	171054567	-	0	0	726	483.358	0	0	0	0
chr7	10500	58053831	-	0	0	386	257.651	0	0	0	0
chr7	61054831	159128163	-	0	0	650	432.978	0	0	0	0
chr8	10500	43838387	-	0	0	291	194.405	0	0	0	0
chr8	46839387	146303522	-	0	0	662	440.869	0	0	0	0
chr9	10500	47317179	-	0	0	307	205.581	0	0	0	0
chr9	65468179	141152931	-	0	0	491	328.402	0	0	0	0
chr10	60500	39154435	-	0	0	260	173.357	0	0	0	0
chr10	42355435	135524247	-	0	0	616	410.395	0	0	0	0
chr11	60500	51593705	-	0	0	340	227.52	0	0	0	0
chr11	54694705	134946016	-	0	0	533	355.445	0	0	0	0
chr12	60500	34856194	-	0	0	232	154.248	0	0	0	0
chr12	37857194	133841395	-	0	0	639	425.842	0	0	0	0
chr13	19020500	115109378	-	0	0	637	424.969	0	0	0	0
chr14	19000500	107289040	-	0	0	589	392.529	0	0	0	0
chr15	20000500	102520892	-	0	0	544	363.174	0	0	0	0
chr16	60500	35285301	-	0	0	233	155.711	0	0	0	0
chr16	46386301	90294253	-	0	0	292	194.987	0	0	0	0
chr17	500	22262506	-	0	0	147	98.0785	0	0	0	0
chr17	25263506	81194710	-	0	0	373	247.762	0	0	0	0
chr18	10500	15410398	-	0	0	103	68.4677	0	0	0	0
chr18	18511398	78016748	-	0	0	396	263.435	0	0	0	0
chr19	60500	24631282	-	0	0	164	108.561	0	0	0	0
chr19	27732282	59118483	-	0	0	209	139.543	0	0	0	0
chr20	60500	26319069	-	0	0	175	116.745	0	0	0	0
chr20	29420069	62965020	-	0	0	222	147.789	0	0	0	0
chr21	9411693	10897675	-	13.9617	16.4811	58	5.78049	10.0957	15.5439	-1.7626	18.8976
chr21	10898175	11187629	-	5.62606	63.4311	94	2.68834	1.30753	9.95978	-1.11564	18.0248
chr21	14338629	15516160	-	8.25274	12.6298	183	7.92814	4.92279	10.4045	-3.22855	17.9163
chr21	15516660	15755704	-	-0.0329885	22.7603	108	2.70423	-0.456283	4.20798	-2.30762	14.6718
chr21	15756204	16031370	-	5.5522	14.8942	57	1.94949	-0.0413623	9.35363	-1.52637	14.3822
chr21	16031870	16332806	-	14.2734	0.0190871	2	1.33796	14.0624	14.4843	14.0645	14.4822
chr21	16333306	16341036	-	-0.090319	35.0818	28	0.597067	-0.257032	0.0552505	-0.999615	0.42884
chr21	16341536	17114840	-	12.9988	2.5071	23	3.67294	9.50188	13.764	-2.08213	15.1694
chr21	17115340	17252270	-	1.18281	22.0527	73	1.6769	-0.434933	3.26161	-1.9267	13.5991
chr21	17252770	18901942	-	12.9794	2.60342	46	7.86615	11.1483	13.6275	-2.35916	15.6544
chr21	18902442	18981704	-	2.11537	27.8179	41	1.00073	-0.345871	5.79394	-1.90641	14.6188
chr21	18982204	19616620	-	12.5124	4.93365	27	3.19961	5.31454	13.7935	-1.21506	14.7357
chr21	19617120	19776176	-	1.66119	22.9736	77	1.80193	-0.364985	3.65603	-1.83899	15.265
chr21	19776676	22642699	-	13.9026	0.378524	25	12.853	13.6011	14.1334	-1.03381	14.6609
chr21	22643199	22911056	-	5.70458	12.181	61	1.97252	1.75388	8.48186	-2.69056	14.9171
chr21	22911556	26957280	-	13.5272	1.01107	52	18.4339	13.0375	13.7964	-1.73808	14.6766
chr21	26957780	27142599	-	2.18639	28.8512	83	2.15909	-0.219352	5.04855	-1.55241	15.3143
chr21	27143099	28208015	-	10.936	10.5227	82	5.72427	6.81937	12.5106	-0.74696	15.8548
chr21	28208515	28338978	-	2.59892	33.6682	67	1.70626	-0.193955	6.97124	-0.958187	9.80565
chr21	28339478	30247955	-	13.4119	1.05457	31	8.80745	12.4456	13.802	-1.15907	14.4554
chr21	30248455	30465245	-	0.53842	29.8423	180	4.0791	-0.198933	2.69409	-1.9074	14.9455
chr21	30465745	33031320	-	8.48137	16.3515	367	16.406	6.21913	9.90398	-1.11484	15.8749
chr21	33031820	33078888	-	-0.23543	32.6316	68	1.45302	-0.385443	-0.11843	-1.12278	0.71117
chr21	33079388	33311691	-	12.7305	5.26677	13	1.1933	-0.791224	14.719	-1.6195	15.5877
chr21	33312191	33640575	-	8.90815	18.7896	39	1.95924	-0.106927	12.2908	-0.774004	14.6011
chr21	33641075	34186239	-	1.1776	39.3861	394	8.90043	0.127888	2.26818	-1.43993	15.4707
chr21	34186739	34613434	-	10.3141	14.7031	42	2.55535	2.89269	12.8001	-1.18131	14.8343
chr21	34613934	35288338	-	1.40719	36.7711	413	9.65385	0.239114	3.36095	-1.79906	15.315
chr21	35288838	36265528	-	7.12042	22.5513	199	7.55987	3.82169	9.42382	-2.59943	15.4975
chr21	36266028	37407628	-	13.8302	1.50496	16	5.20582	11.8969	14.2462	-0.645268	14.7258
chr21	37408128	37570555	-	3.74481	35.5999	66	1.86551	-0.0209106	7.8981	-0.950313	15.0681
chr21	37571055	37788908	-	0.618803	41.792	166	3.65791	-0.122163	1.96852	-1.68528	15.6876
chr21	37789408	38071291	-	13.0307	5.28071	10	1.3731	-0.238592	14.1685	-0.586815	14.7135
chr21	38071791	38139833	-	-0.0491868	50.3639	56	1.19667	-0.239018	0.078924	-2.12577	0.62188
chr21	38140333	38437163	-	8.77689	17.4494	40	1.8555	2.62229	11.733	-2.77968	15.1871
chr21	38437663	38613192	-	0.413625	32.0996	144	3.2834	-0.283796	1.9584	-2.64427	15.3273
chr21	38613692	40546739	-	9.92497	13.1422	197	11.5376	7.06361	11.5153	-1.07674	15.0344
chr21	40547239	40887675	-	1.73836	29.2453	193	4.70529	0.296828	3.41482	-1.90125	15.2517
chr21	40888175	42538741	-	9.20998	15.3386	196	9.92463	6.42695	10.9873	-2.4322	15.0393
chr21	42539241	46958115	-	2.55271	46.0068	2035	52.6563	1.99812	3.92249	-2.06475	15.4748
chr21	46958615	47315338	-	13.5671	4.43625	10	1.69422	0.0443913	14.5161	-0.193719	14.9003
chr21	47315838	48111423	-	0.887554	51.0375	614	14.2578	0.408414	2.91705	-1.16469	14.945
chr22	16050500	51244066	-	0	0	232	155.123	0	0	0	0
chrX	60500	58581512	-	0	0	389	257.463	0	0	0	0
chrX	61682512	155260060	-	0	0	622	414.23	0	0	0	0
chrY	10500	28818861	-	1	0	170	111.791	1	1	1	1
chrY	58819861	59363066	-	1	0	4	2.18834	1	1	1	1
