# Position (bp)	A	C	G	T	N
0.0	25.259032897582824	25.80416442082812	23.302666552543368	25.57838535582179	0.05575077322389835
1.0	25.60321948342556	24.778111213261866	25.0102054386604	24.58591360358954	0.022550261062637685
2.0	24.93940437212763	24.97718277120154	25.133841820572243	24.94148391703078	0.008087119067809338
3.0	24.494050675118288	25.192417076921835	25.269256994913103	25.02004645007655	0.02422880297022049
4.0	24.84682328954113	24.56494819234779	25.29031291937128	25.29031291937128	0.007602679368516844
5.0	24.80546078225062	25.200346358577725	25.41480809411938	24.574210085106234	0.005174679946045337
6.0	24.816749113765503	24.63300986492465	25.354407616158483	25.186755606115447	0.009077799035914762
7.0	24.9353616532721	24.983467278989668	25.052927669345582	25.020551090700344	0.007692307692307693
8.0	24.67417313043857	25.11075016460537	24.985604199214944	25.21960765420713	0.009864851533984413
9.0	24.814854284047847	25.074052556976067	25.107626869075077	24.994528418420725	0.0089378714802834
10.0	24.74547673175411	25.110978326316342	25.12734748636094	25.007268822817007	0.008928632751598569
11.0	24.773971388204068	25.144403196375762	25.057801319048412	25.02004884940769	0.003775246964072233
12.0	24.757992506828344	25.099495462823967	25.033984517465584	25.102239376765677	0.006288136116424268
13.0	24.75251031373638	25.103137363773563	25.029790160735484	25.111134722360273	0.00342743939430291
14.0	24.76617374386891	25.112003690070605	25.04898020697277	25.062566791191326	0.01027556789638574
15.0	24.846198782368994	25.031034073587264	25.095840521372438	25.022705075896567	0.0042215467747382645
16.0	24.669472901510737	25.09474178799964	25.13214811537115	25.09839118579198	0.005246009326492233
17.0	24.681936162669945	25.247902277657392	25.10336148535043	24.960416569299216	0.0063835050230205154
18.0	24.67141392275265	25.22296912384642	25.113478409479324	24.9827959439444	0.009342599977213172
19.0	24.583236062792167	25.2864309018545	25.144767034681454	24.983743957364187	0.0018220433076918696
20.0	24.59992510156251	25.24646480513316	25.186477758692718	24.965083441184806	0.0020488934268084046
21.0	24.618843724504718	25.25912027117595	25.183793618626392	24.928342961566337	0.009899424126603393
22.0	24.609256367179015	25.243045326375153	25.24224910908973	24.896122080584014	0.009327116772089626
23.0	24.6304135979141	25.28026708239096	25.263324270634698	24.82099180263557	0.0050032464246687345
24.0	24.629651522316394	25.183355461787492	25.196086901167654	24.986586519224474	0.004319595503983122
25.0	24.564527639767082	25.294671145637775	25.224327358846498	24.911700933219997	0.004772922528648899
26.0	24.62344786214278	25.2489044568185	25.282875668772732	24.841817993835193	0.002954018430802686
27.0	24.599169202563953	25.22300561475489	25.32762202692311	24.8410023638084	0.009200791949647815
28.0	24.668823595545174	25.30761220250905	25.258439675075206	24.75921928108175	0.0059052457888215965
29.0	24.617030069895137	25.282260078932907	25.23695767688374	24.854101286633636	0.009650887654584512
30.0	24.469801110855073	25.332967059162737	25.163149034614047	24.803193850226403	0.23088894514174013
31.0	24.522117324992	25.29061123129272	25.210141259417483	24.803251486254275	0.17387869804352415
32.0	24.416662316646658	25.110017679994375	25.115918576703717	24.549772928955473	0.8076284976997851
33.0	24.598474224745516	25.295102724339337	25.346952760872625	24.75549928068002	0.003971009362505502
34.0	24.653417837254704	25.218453678064563	25.31930026760079	24.797824708435382	0.01100350864456058
35.0	24.50179705779279	25.30851665893556	25.37191554225326	24.811986585295315	0.0057841557230818436
36.0	24.546317411681724	25.276949647271213	25.299969722364285	24.87200044452559	0.004762774157187423
37.0	24.57458195193411	25.24740463243064	25.342874247694898	24.832531328093467	0.0026078398468857857
38.0	24.587236879098157	25.301098283195632	25.437250029474985	24.67010692616744	0.004307882063792931
39.0	24.538836987347914	25.336818456948674	25.32843058354662	24.790699888690654	0.005214083466141329
40.0	24.614659268124615	25.311785986290936	25.332186377978456	24.73864831538099	0.00272005222500272
41.0	24.59793354102942	25.278026788942164	25.42002926180247	24.70151714852688	0.0024932596990635543
42.0	24.577832674198557	25.308282434530355	25.368454451709404	24.738178068376264	0.007252371185422733
43.0	24.514114255670176	25.351043385245752	25.349796943271024	24.772354370252188	0.012691045560853565
44.0	24.562186709692625	25.29652106126667	25.359519039892675	24.77678773760209	0.004985451545943202
45.0	24.50741023145573	25.332216974024252	25.35453660703057	24.803796830158923	0.0020393573305265734
46.0	24.564955339946618	25.324697394716928	25.34928194972515	24.753021521115524	0.008043794495778706
47.0	24.587469214543198	25.24577386765029	25.40346790948906	24.75705828108963	0.0062307272278248425
48.0	24.51519497556433	25.349768784424615	25.381715277447363	24.741086135448597	0.012234827115095739
49.0	24.59282520456448	25.339033837111955	25.374152202997752	24.68866435791732	0.005324397408491168
50.0	24.351169424361817	25.23104145945248	25.361883766717796	24.58215424212284	0.47375110734506803
51.0	24.606430111254223	25.312063510404382	25.34446215419262	24.73115356164182	0.005890662506952681
52.0	24.639418175227135	25.285248204454312	25.36296078120398	24.700591340598592	0.01178149851598432
53.0	24.452339332667957	25.432277228395765	25.420721891359438	24.689337029530684	0.00532451804615111
54.0	24.578550485573285	25.312914935173815	25.36344355975293	24.736707346363527	0.008383673136445413
55.0	24.550210958991023	25.35054087981909	25.356998808115687	24.739416928382706	0.0028324246914923027
56.0	24.59020479845905	25.360564257995073	25.35172648216865	24.691499306007987	0.006005155369232076
57.0	24.610020769432108	25.34391936066861	25.3124196218445	24.721176322620778	0.01246392543399955
58.0	24.551119411018806	25.358056280475438	25.34661117110665	24.737187426697474	0.007025710701630531
59.0	24.535933165309785	25.429502638211453	25.32841652916538	24.704447788798028	0.0016998785153487697
60.0	24.604239577855548	25.353147043356845	25.330933686329267	24.708959689557002	0.0027200029013364282
61.0	24.494746267980005	25.30530587261825	25.360733595547647	24.83445360053501	0.004760663319089127
62.0	24.49911743999782	25.38519181084081	25.368867001551994	24.743196012211865	0.003627735397514775
63.0	24.564936161914382	25.2924896569943	25.349746087571727	24.791014028392386	0.001814065127205648
64.0	24.60036037588861	25.239806453880842	25.28607245845982	24.86843104947854	0.005329662292185695
65.0	24.549580712550497	25.368194943146115	25.343130694744676	24.7333095922353	0.005784057323410461
66.0	24.57059174510698	25.304970041812147	25.25630641974132	24.857582336806715	0.010549456532836034
67.0	24.440352483483718	25.382713696232027	25.264493086590356	24.90869670287031	0.003744030823584671
68.0	24.346746584086343	25.162299161525254	25.060851547189593	24.614663605838572	0.8154391013602378
69.0	24.527901428496843	25.242603845795884	25.23511292003096	24.822317510833468	0.1720642948428381
70.0	24.54938029147529	25.218470242865802	25.3221144786343	24.67345822104262	0.23657676598198657
71.0	24.659979425036504	25.254291560404322	25.34796896041931	24.729130378502116	0.008629675637744385
72.0	24.58297369736065	25.303684186616998	25.248603098169266	24.859741970653705	0.004997047199382184
73.0	24.64243887865924	25.222329125484617	25.316724579962944	24.810101563147832	0.008405852745362865
74.0	24.59509788661264	25.1871553858372	25.375532153005565	24.839715003448273	0.0024995710963232444
75.0	24.682177026288365	25.266173544355443	25.115714040576336	24.931048864110295	0.004886524669562974
76.0	24.576308756645663	25.21311024441037	25.30745962585355	24.899370132623403	0.003751240467018071
77.0	24.542272819271957	25.294785173528123	25.2710204285841	24.887941836639552	0.003979741976271641
78.0	24.708878439829572	25.205587896076597	25.14098268170785	24.934655465396403	0.009895516989578997
79.0	24.79167330369049	25.163270786020835	25.198086716698448	24.836956769081635	0.010012424508594757
80.0	24.74889285222437	25.20381648719738	25.23079094341169	24.813654310392906	0.002845406773661549
81.0	24.775936534614118	25.093969444700647	25.25122094804096	24.877962129829847	9.109428144261459E-4
82.0	24.82488047216485	25.093725543357532	25.219718191128344	24.851423227074974	0.010252566274297159
83.0	24.731968338813445	25.10875697360998	25.250081204447156	24.902241242741464	0.0069522403879578075
84.0	24.808795138544415	25.084869072991395	25.126149025188756	24.97494124448793	0.005245518787509736
85.0	24.803257404800313	24.962636590357846	25.104674590371534	25.125210204831344	0.00422120963896108
86.0	24.876132502831258	24.987784495670915	25.159258210645525	24.965865086033684	0.010959704818616885
87.0	24.89190421085219	25.03367105294723	25.093187994713155	24.9780381342524	0.0031986072350210933
88.0	24.851687504715137	25.03594934856808	25.08235772859556	25.023261343191113	0.006744074930101664
89.0	24.787848909762438	25.122074808494965	25.079295723578483	25.006319637544483	0.004460920619633313
90.0	24.8605637881325	25.029043249547613	25.091994135266578	25.011989282325565	0.006409544727748865
91.0	24.731461229016737	25.11804248269035	25.018017161274503	25.12445876905838	0.008020357960033411
92.0	25.027439727219864	24.936031315122758	25.080312096074024	24.947385685006843	0.008831176576508382
93.0	24.82624897540278	25.121746258067628	24.926584882570253	25.118531835412377	0.006888048546966159
94.0	24.91319264912365	25.410252344545327	24.6309969459439	25.03785972483621	0.007698335550913574
95.0	24.387801212611805	25.331007608431943	25.309275801920904	24.968120934628658	0.003794442406688337
96.0	25.110067203774655	25.278595010286764	24.57971722347271	25.024132997583244	0.00748756488262954
97.0	24.872694718820878	25.23782495437314	25.23644057433313	24.629620656796035	0.023419095676811864
98.0	24.75023939362087	25.04270967011617	25.002050295184752	25.196914969927082	0.0080856711511339
99.0	24.268940598352362	25.009510044804163	24.805203064026593	25.8932215638098	0.02312472900708195
100.0	25.421539329792942	23.2729030586755	25.785485631811706	25.46294154654627	0.057130433173583996
