# This file was produced by samtools stats (1.3.1+htslib-1.3.1) and can be plotted using plot-bamstats
# This file contains statistics for all reads.
# The command line was:  stats /Sid/vsaveliev/RIA_0017/rnaseq_1_0_2a/work/align/PI3Ksign2_E001006_CD4Tcells_AZ4943_S_KT_16/2_2017-02-28_rnaseq_1_0_2a.bam
# CHK, Checksum	[2]Read Names	[3]Sequences	[4]Qualities
# CHK, CRC32 of reads which passed filtering followed by addition (32bit overflow)
CHK	72f7207b	93a0706e	d461a6be
# Summary Numbers. Use `grep ^SN | cut -f 2-` to extract this part.
SN	raw total sequences:	100
SN	filtered sequences:	0
SN	sequences:	100
SN	is sorted:	1
SN	1st fragments:	100
SN	last fragments:	0
SN	reads mapped:	96
SN	reads mapped and paired:	0	# paired-end technology bit set + both mates mapped
SN	reads unmapped:	4
SN	reads properly paired:	0	# proper-pair bit set
SN	reads paired:	0	# paired-end technology bit set
SN	reads duplicated:	0	# PCR or optical duplicate bit set
SN	reads MQ0:	1	# mapped and MQ=0
SN	reads QC failed:	0
SN	non-primary alignments:	30
SN	total length:	7544	# ignores clipping
SN	bases mapped:	7244	# ignores clipping
SN	bases mapped (cigar):	7214	# more accurate
SN	bases trimmed:	0
SN	bases duplicated:	0
SN	mismatches:	13	# from NM fields
SN	error rate:	1.802052e-03	# mismatches / bases mapped (cigar)
SN	average length:	75
SN	maximum length:	76
SN	average quality:	34.4
SN	insert size average:	0.0
SN	insert size standard deviation:	0.0
SN	inward oriented pairs:	0
SN	outward oriented pairs:	0
SN	pairs with other orientation:	0
SN	pairs on different chromosomes:	0
# First Fragment Qualitites. Use `grep ^FFQ | cut -f 2-` to extract this part.
# Columns correspond to qualities and rows to cycles. First column is the cycle number.
FFQ	1	0	0	0	0	0	0	0	0	0	0	0	0	0	0	2	0	0	0	0	0	0	0	0	0	0	0	0	0	0	0	0	0	98	0	0	0	0	0	0	0	0	0
FFQ	2	0	0	0	0	0	0	0	0	0	0	0	0	0	0	3	0	0	0	0	0	0	0	0	0	0	0	0	0	0	0	0	0	97	0	0	0	0	0	0	0	0	0
FFQ	3	0	0	0	0	0	0	0	0	0	0	0	0	0	0	0	0	0	0	0	0	0	2	0	0	0	0	0	0	0	0	0	0	98	0	0	0	0	0	0	0	0	0
FFQ	4	0	0	0	0	0	0	0	0	0	0	0	0	0	0	1	0	0	0	0	0	0	1	0	0	0	0	0	0	0	0	0	0	98	0	0	0	0	0	0	0	0	0
FFQ	5	0	0	0	0	0	0	0	0	0	0	0	0	0	0	1	0	0	0	0	0	0	0	0	0	0	0	0	0	0	0	0	0	99	0	0	0	0	0	0	0	0	0
FFQ	6	0	0	3	0	0	0	0	0	0	0	0	0	0	0	5	0	0	0	0	0	0	0	0	0	0	0	0	0	0	0	0	0	1	0	0	0	91	0	0	0	0	0
FFQ	7	0	0	0	0	0	0	0	0	0	0	0	0	0	0	3	0	0	0	0	0	0	0	0	0	0	0	0	0	0	0	0	0	3	0	0	0	94	0	0	0	0	0
FFQ	8	0	0	0	0	0	0	0	0	0	0	0	0	0	0	2	0	0	0	0	0	0	0	0	0	0	0	0	0	0	0	0	0	4	0	0	0	94	0	0	0	0	0
FFQ	9	0	0	0	0	0	0	0	0	0	0	0	0	0	0	2	0	0	0	0	0	0	0	0	0	0	0	0	0	0	0	0	0	11	0	0	0	87	0	0	0	0	0
FFQ	10	0	0	0	0	0	0	0	0	0	0	0	0	0	0	2	0	0	0	0	0	0	1	0	0	0	0	0	0	0	0	0	0	5	0	0	0	92	0	0	0	0	0
FFQ	11	0	0	0	0	0	0	0	0	0	0	0	0	0	0	2	0	0	0	0	0	0	2	0	0	0	0	0	0	0	0	0	0	4	0	0	0	92	0	0	0	0	0
FFQ	12	0	0	0	0	0	0	0	0	0	0	0	0	0	0	4	0	0	0	0	0	0	1	0	0	0	0	0	0	0	0	0	0	5	0	0	0	90	0	0	0	0	0
FFQ	13	0	0	0	0	0	0	0	0	0	0	0	0	0	0	3	0	0	0	0	0	0	0	0	0	0	0	0	0	0	0	0	0	4	0	0	0	93	0	0	0	0	0
FFQ	14	0	0	0	0	0	0	0	0	0	0	0	0	0	0	3	0	0	0	0	0	0	0	0	0	0	0	0	0	0	0	0	0	6	0	0	0	91	0	0	0	0	0
FFQ	15	0	0	0	0	0	0	0	0	0	0	0	0	0	0	1	0	0	0	0	0	0	0	0	0	0	0	0	0	0	0	0	0	7	0	0	0	92	0	0	0	0	0
FFQ	16	0	0	0	0	0	0	0	0	0	0	0	0	0	0	5	0	0	0	0	0	0	2	0	0	0	0	0	0	0	0	0	0	6	0	0	0	87	0	0	0	0	0
FFQ	17	0	0	0	0	0	0	0	0	0	0	0	0	0	0	1	0	0	0	0	0	0	1	0	0	0	0	0	0	0	0	0	0	5	0	0	0	93	0	0	0	0	0
FFQ	18	0	0	0	0	0	0	0	0	0	0	0	0	0	0	2	0	0	0	0	0	0	1	0	0	0	0	0	0	0	0	0	0	7	0	0	0	90	0	0	0	0	0
FFQ	19	0	0	0	0	0	0	0	0	0	0	0	0	0	0	1	0	0	0	0	0	0	1	0	0	0	0	0	0	0	0	0	0	4	0	0	0	94	0	0	0	0	0
FFQ	20	0	0	0	0	0	0	0	0	0	0	0	0	0	0	4	0	0	0	0	0	0	0	0	0	0	0	0	0	0	0	0	0	3	0	0	0	93	0	0	0	0	0
FFQ	21	0	0	0	0	0	0	0	0	0	0	0	0	0	0	3	0	0	0	0	0	0	2	0	0	0	0	0	0	0	0	0	0	9	0	0	0	86	0	0	0	0	0
FFQ	22	0	0	0	0	0	0	0	0	0	0	0	0	0	0	3	0	0	0	0	0	0	0	0	0	0	0	0	1	0	0	0	0	9	0	0	0	87	0	0	0	0	0
FFQ	23	0	0	0	0	0	0	0	0	0	0	0	0	0	0	3	0	0	0	0	0	0	2	0	0	0	0	0	0	0	0	0	0	3	0	0	0	92	0	0	0	0	0
FFQ	24	0	0	0	0	0	0	0	0	0	0	0	0	0	0	6	0	0	0	0	0	0	0	0	0	0	0	0	1	0	0	0	0	9	0	0	0	84	0	0	0	0	0
FFQ	25	0	0	0	0	0	0	0	0	0	0	0	0	0	0	4	0	0	0	0	0	0	0	0	0	0	0	0	1	0	0	0	0	7	0	0	0	88	0	0	0	0	0
FFQ	26	0	0	0	0	0	0	0	0	0	0	0	0	0	0	5	0	0	0	0	0	0	1	0	0	0	0	0	1	0	0	0	0	6	0	0	0	87	0	0	0	0	0
FFQ	27	0	0	0	0	0	0	0	0	0	0	0	0	0	0	4	0	0	0	0	0	0	0	0	0	0	0	0	1	0	0	0	0	5	0	0	0	90	0	0	0	0	0
FFQ	28	0	0	0	0	0	0	0	0	0	0	0	0	0	0	7	0	0	0	0	0	0	1	0	0	0	0	0	0	0	0	0	0	6	0	0	0	86	0	0	0	0	0
FFQ	29	0	0	0	0	0	0	0	0	0	0	0	0	0	0	6	0	0	0	0	0	0	0	0	0	0	0	0	0	0	0	0	0	3	0	0	0	91	0	0	0	0	0
FFQ	30	0	0	0	0	0	0	0	0	0	0	0	0	0	0	5	0	0	0	0	0	0	0	0	0	0	0	0	1	0	0	0	0	5	0	0	0	89	0	0	0	0	0
FFQ	31	0	0	0	0	0	0	0	0	0	0	0	0	0	0	3	0	0	0	0	0	0	0	0	0	0	0	0	0	0	0	0	0	8	0	0	0	89	0	0	0	0	0
FFQ	32	0	0	0	0	0	0	0	0	0	0	0	0	0	0	8	0	0	0	0	0	0	0	0	0	0	0	0	1	0	0	0	0	5	0	0	0	86	0	0	0	0	0
FFQ	33	0	0	0	0	0	0	0	0	0	0	0	0	0	0	5	0	0	0	0	0	0	1	0	0	0	0	0	0	0	0	0	0	6	0	0	0	88	0	0	0	0	0
FFQ	34	0	0	0	0	0	0	0	0	0	0	0	0	0	0	5	0	0	0	0	0	0	1	0	0	0	0	0	1	0	0	0	0	5	0	0	0	88	0	0	0	0	0
FFQ	35	0	0	0	0	0	0	0	0	0	0	0	0	0	0	5	0	0	0	0	0	0	1	0	0	0	0	0	0	0	0	0	0	6	0	0	0	88	0	0	0	0	0
FFQ	36	0	0	0	0	0	0	0	0	0	0	0	0	0	0	4	0	0	0	0	0	0	0	0	0	0	0	0	0	0	0	0	0	10	0	0	0	86	0	0	0	0	0
FFQ	37	0	0	0	0	0	0	0	0	0	0	0	0	0	0	3	0	0	0	0	0	0	1	0	0	0	0	0	0	0	0	0	0	7	0	0	0	89	0	0	0	0	0
FFQ	38	0	0	0	0	0	0	0	0	0	0	0	0	0	0	7	0	0	0	0	0	0	0	0	0	0	0	0	1	0	0	0	0	5	0	0	0	87	0	0	0	0	0
FFQ	39	0	0	0	0	0	0	0	0	0	0	0	0	0	0	3	0	0	0	0	0	0	0	0	0	0	0	0	2	0	0	0	0	4	0	0	0	91	0	0	0	0	0
FFQ	40	0	0	0	0	0	0	0	0	0	0	0	0	0	0	6	0	0	0	0	0	0	0	0	0	0	0	0	0	0	0	0	0	9	0	0	0	85	0	0	0	0	0
FFQ	41	0	0	0	0	0	0	0	0	0	0	0	0	0	0	1	0	0	0	0	0	0	1	0	0	0	0	0	0	0	0	0	0	5	0	0	0	93	0	0	0	0	0
FFQ	42	0	0	0	0	0	0	0	0	0	0	0	0	0	0	4	0	0	0	0	0	0	0	0	0	0	0	0	0	0	0	0	0	6	0	0	0	90	0	0	0	0	0
FFQ	43	0	0	0	0	0	0	0	0	0	0	0	0	0	0	4	0	0	0	0	0	0	2	0	0	0	0	0	1	0	0	0	0	3	0	0	0	90	0	0	0	0	0
FFQ	44	0	0	0	0	0	0	0	0	0	0	0	0	0	0	4	0	0	0	0	0	0	0	0	0	0	0	0	0	0	0	0	0	0	0	0	0	96	0	0	0	0	0
FFQ	45	0	0	0	0	0	0	0	0	0	0	0	0	0	0	6	0	0	0	0	0	0	0	0	0	0	0	0	0	0	0	0	0	3	0	0	0	91	0	0	0	0	0
FFQ	46	0	0	0	0	0	0	0	0	0	0	0	0	0	0	4	0	0	0	0	0	0	2	0	0	0	0	0	0	0	0	0	0	3	0	0	0	91	0	0	0	0	0
FFQ	47	0	0	0	0	0	0	0	0	0	0	0	0	0	0	5	0	0	0	0	0	0	1	0	0	0	0	0	0	0	0	0	0	4	0	0	0	90	0	0	0	0	0
FFQ	48	0	0	0	0	0	0	0	0	0	0	0	0	0	0	8	0	0	0	0	0	0	1	0	0	0	0	0	0	0	0	0	0	5	0	0	0	86	0	0	0	0	0
FFQ	49	0	0	0	0	0	0	0	0	0	0	0	0	0	0	5	0	0	0	0	0	0	1	0	0	0	0	0	0	0	0	0	0	2	0	0	0	92	0	0	0	0	0
FFQ	50	0	0	0	0	0	0	0	0	0	0	0	0	0	0	4	0	0	0	0	0	0	2	0	0	0	0	0	1	0	0	0	0	1	0	0	0	92	0	0	0	0	0
FFQ	51	0	0	0	0	0	0	0	0	0	0	0	0	0	0	6	0	0	0	0	0	0	1	0	0	0	0	0	0	0	0	0	0	2	0	0	0	91	0	0	0	0	0
FFQ	52	0	0	0	0	0	0	0	0	0	0	0	0	0	0	3	0	0	0	0	0	0	0	0	0	0	0	0	1	0	0	0	0	0	0	0	0	96	0	0	0	0	0
FFQ	53	0	0	0	0	0	0	0	0	0	0	0	0	0	0	7	0	0	0	0	0	0	0	0	0	0	0	0	0	0	0	0	0	1	0	0	0	92	0	0	0	0	0
FFQ	54	0	0	0	0	0	0	0	0	0	0	0	0	0	0	7	0	0	0	0	0	0	0	0	0	0	0	0	0	0	0	0	0	5	0	0	0	88	0	0	0	0	0
FFQ	55	0	0	0	0	0	0	0	0	0	0	0	0	0	0	5	0	0	0	0	0	0	0	0	0	0	0	0	0	0	0	0	0	6	0	0	0	89	0	0	0	0	0
FFQ	56	0	0	0	0	0	0	0	0	0	0	0	0	0	0	4	0	0	0	0	0	0	2	0	0	0	0	0	0	0	0	0	0	3	0	0	0	91	0	0	0	0	0
FFQ	57	0	0	0	0	0	0	0	0	0	0	0	0	0	0	8	0	0	0	0	0	0	1	0	0	0	0	0	0	0	0	0	0	3	0	0	0	88	0	0	0	0	0
FFQ	58	0	0	0	0	0	0	0	0	0	0	0	0	0	0	6	0	0	0	0	0	0	0	0	0	0	0	0	0	0	0	0	0	3	0	0	0	91	0	0	0	0	0
FFQ	59	0	0	0	0	0	0	0	0	0	0	0	0	0	0	6	0	0	0	0	0	0	2	0	0	0	0	0	1	0	0	0	0	2	0	0	0	88	0	0	0	0	0
FFQ	60	0	0	0	0	0	0	0	0	0	0	0	0	0	0	9	0	0	0	0	0	0	0	0	0	0	0	0	0	0	0	0	0	1	0	0	0	89	0	0	0	0	0
FFQ	61	0	0	0	0	0	0	0	0	0	0	0	0	0	0	6	0	0	0	0	0	0	3	0	0	0	0	0	0	0	0	0	0	2	0	0	0	88	0	0	0	0	0
FFQ	62	0	0	0	0	0	0	0	0	0	0	0	0	0	0	10	0	0	0	0	0	0	0	0	0	0	0	0	0	0	0	0	0	4	0	0	0	85	0	0	0	0	0
FFQ	63	0	0	0	0	0	0	0	0	0	0	0	0	0	0	5	0	0	0	0	0	0	0	0	0	0	0	0	1	0	0	0	0	6	0	0	0	87	0	0	0	0	0
FFQ	64	0	0	0	0	0	0	0	0	0	0	0	0	0	0	3	0	0	0	0	0	0	2	0	0	0	0	0	0	0	0	0	0	6	0	0	0	88	0	0	0	0	0
FFQ	65	0	0	0	0	0	0	0	0	0	0	0	0	0	0	4	0	0	0	0	0	0	2	0	0	0	0	0	0	0	0	0	0	4	0	0	0	89	0	0	0	0	0
FFQ	66	0	0	0	0	0	0	0	0	0	0	0	0	0	0	2	0	0	0	0	0	0	2	0	0	0	0	0	2	0	0	0	0	0	0	0	0	93	0	0	0	0	0
FFQ	67	0	0	0	0	0	0	0	0	0	0	0	0	0	0	7	0	0	0	0	0	0	4	0	0	0	0	0	0	0	0	0	0	1	0	0	0	87	0	0	0	0	0
FFQ	68	0	0	0	0	0	0	0	0	0	0	0	0	0	0	7	0	0	0	0	0	0	1	0	0	0	0	0	1	0	0	0	0	1	0	0	0	89	0	0	0	0	0
FFQ	69	0	0	0	0	0	0	0	0	0	0	0	0	0	0	9	0	0	0	0	0	0	0	0	0	0	0	0	0	0	0	0	0	3	0	0	0	87	0	0	0	0	0
FFQ	70	0	0	0	0	0	0	0	0	0	0	0	0	0	0	5	0	0	0	0	0	0	1	0	0	0	0	0	1	0	0	0	0	1	0	0	0	91	0	0	0	0	0
FFQ	71	0	0	0	0	0	0	0	0	0	0	0	0	0	0	6	0	0	0	0	0	0	0	0	0	0	0	0	1	0	0	0	0	5	0	0	0	87	0	0	0	0	0
FFQ	72	0	0	0	0	0	0	0	0	0	0	0	0	0	0	8	0	0	0	0	0	0	3	0	0	0	0	0	0	0	0	0	0	1	0	0	0	87	0	0	0	0	0
FFQ	73	0	0	0	0	0	0	0	0	0	0	0	0	0	0	4	0	0	0	0	0	0	5	0	0	0	0	0	1	0	0	0	0	6	0	0	0	83	0	0	0	0	0
FFQ	74	0	0	0	0	0	0	0	0	0	0	0	0	0	0	6	0	0	0	0	0	0	4	0	0	0	0	0	0	0	0	0	0	5	0	0	0	83	0	0	0	0	0
FFQ	75	0	0	0	0	0	0	0	0	0	0	0	0	0	0	5	0	0	0	0	0	0	3	0	0	0	0	0	3	0	0	0	0	1	0	0	0	80	0	0	0	0	0
FFQ	76	0	0	0	0	0	0	0	0	0	0	0	0	0	0	1	0	0	0	0	0	0	1	0	0	0	0	0	3	0	0	0	0	1	0	0	0	63	0	0	0	0	0
FFQ	77	0	0	0	0	0	0	0	0	0	0	0	0	0	0	0	0	0	0	0	0	0	0	0	0	0	0	0	0	0	0	0	0	0	0	0	0	0	0	0	0	0	0
# Last Fragment Qualitites. Use `grep ^LFQ | cut -f 2-` to extract this part.
# Columns correspond to qualities and rows to cycles. First column is the cycle number.
LFQ	1	0	0	0	0	0	0	0	0	0	0	0	0	0	0	0	0	0	0	0	0	0	0	0	0	0	0	0	0	0	0	0	0	0	0	0	0	0	0	0	0	0	0
LFQ	2	0	0	0	0	0	0	0	0	0	0	0	0	0	0	0	0	0	0	0	0	0	0	0	0	0	0	0	0	0	0	0	0	0	0	0	0	0	0	0	0	0	0
LFQ	3	0	0	0	0	0	0	0	0	0	0	0	0	0	0	0	0	0	0	0	0	0	0	0	0	0	0	0	0	0	0	0	0	0	0	0	0	0	0	0	0	0	0
LFQ	4	0	0	0	0	0	0	0	0	0	0	0	0	0	0	0	0	0	0	0	0	0	0	0	0	0	0	0	0	0	0	0	0	0	0	0	0	0	0	0	0	0	0
LFQ	5	0	0	0	0	0	0	0	0	0	0	0	0	0	0	0	0	0	0	0	0	0	0	0	0	0	0	0	0	0	0	0	0	0	0	0	0	0	0	0	0	0	0
LFQ	6	0	0	0	0	0	0	0	0	0	0	0	0	0	0	0	0	0	0	0	0	0	0	0	0	0	0	0	0	0	0	0	0	0	0	0	0	0	0	0	0	0	0
LFQ	7	0	0	0	0	0	0	0	0	0	0	0	0	0	0	0	0	0	0	0	0	0	0	0	0	0	0	0	0	0	0	0	0	0	0	0	0	0	0	0	0	0	0
LFQ	8	0	0	0	0	0	0	0	0	0	0	0	0	0	0	0	0	0	0	0	0	0	0	0	0	0	0	0	0	0	0	0	0	0	0	0	0	0	0	0	0	0	0
LFQ	9	0	0	0	0	0	0	0	0	0	0	0	0	0	0	0	0	0	0	0	0	0	0	0	0	0	0	0	0	0	0	0	0	0	0	0	0	0	0	0	0	0	0
LFQ	10	0	0	0	0	0	0	0	0	0	0	0	0	0	0	0	0	0	0	0	0	0	0	0	0	0	0	0	0	0	0	0	0	0	0	0	0	0	0	0	0	0	0
LFQ	11	0	0	0	0	0	0	0	0	0	0	0	0	0	0	0	0	0	0	0	0	0	0	0	0	0	0	0	0	0	0	0	0	0	0	0	0	0	0	0	0	0	0
LFQ	12	0	0	0	0	0	0	0	0	0	0	0	0	0	0	0	0	0	0	0	0	0	0	0	0	0	0	0	0	0	0	0	0	0	0	0	0	0	0	0	0	0	0
LFQ	13	0	0	0	0	0	0	0	0	0	0	0	0	0	0	0	0	0	0	0	0	0	0	0	0	0	0	0	0	0	0	0	0	0	0	0	0	0	0	0	0	0	0
LFQ	14	0	0	0	0	0	0	0	0	0	0	0	0	0	0	0	0	0	0	0	0	0	0	0	0	0	0	0	0	0	0	0	0	0	0	0	0	0	0	0	0	0	0
LFQ	15	0	0	0	0	0	0	0	0	0	0	0	0	0	0	0	0	0	0	0	0	0	0	0	0	0	0	0	0	0	0	0	0	0	0	0	0	0	0	0	0	0	0
LFQ	16	0	0	0	0	0	0	0	0	0	0	0	0	0	0	0	0	0	0	0	0	0	0	0	0	0	0	0	0	0	0	0	0	0	0	0	0	0	0	0	0	0	0
LFQ	17	0	0	0	0	0	0	0	0	0	0	0	0	0	0	0	0	0	0	0	0	0	0	0	0	0	0	0	0	0	0	0	0	0	0	0	0	0	0	0	0	0	0
LFQ	18	0	0	0	0	0	0	0	0	0	0	0	0	0	0	0	0	0	0	0	0	0	0	0	0	0	0	0	0	0	0	0	0	0	0	0	0	0	0	0	0	0	0
LFQ	19	0	0	0	0	0	0	0	0	0	0	0	0	0	0	0	0	0	0	0	0	0	0	0	0	0	0	0	0	0	0	0	0	0	0	0	0	0	0	0	0	0	0
LFQ	20	0	0	0	0	0	0	0	0	0	0	0	0	0	0	0	0	0	0	0	0	0	0	0	0	0	0	0	0	0	0	0	0	0	0	0	0	0	0	0	0	0	0
LFQ	21	0	0	0	0	0	0	0	0	0	0	0	0	0	0	0	0	0	0	0	0	0	0	0	0	0	0	0	0	0	0	0	0	0	0	0	0	0	0	0	0	0	0
LFQ	22	0	0	0	0	0	0	0	0	0	0	0	0	0	0	0	0	0	0	0	0	0	0	0	0	0	0	0	0	0	0	0	0	0	0	0	0	0	0	0	0	0	0
LFQ	23	0	0	0	0	0	0	0	0	0	0	0	0	0	0	0	0	0	0	0	0	0	0	0	0	0	0	0	0	0	0	0	0	0	0	0	0	0	0	0	0	0	0
LFQ	24	0	0	0	0	0	0	0	0	0	0	0	0	0	0	0	0	0	0	0	0	0	0	0	0	0	0	0	0	0	0	0	0	0	0	0	0	0	0	0	0	0	0
LFQ	25	0	0	0	0	0	0	0	0	0	0	0	0	0	0	0	0	0	0	0	0	0	0	0	0	0	0	0	0	0	0	0	0	0	0	0	0	0	0	0	0	0	0
LFQ	26	0	0	0	0	0	0	0	0	0	0	0	0	0	0	0	0	0	0	0	0	0	0	0	0	0	0	0	0	0	0	0	0	0	0	0	0	0	0	0	0	0	0
LFQ	27	0	0	0	0	0	0	0	0	0	0	0	0	0	0	0	0	0	0	0	0	0	0	0	0	0	0	0	0	0	0	0	0	0	0	0	0	0	0	0	0	0	0
LFQ	28	0	0	0	0	0	0	0	0	0	0	0	0	0	0	0	0	0	0	0	0	0	0	0	0	0	0	0	0	0	0	0	0	0	0	0	0	0	0	0	0	0	0
LFQ	29	0	0	0	0	0	0	0	0	0	0	0	0	0	0	0	0	0	0	0	0	0	0	0	0	0	0	0	0	0	0	0	0	0	0	0	0	0	0	0	0	0	0
LFQ	30	0	0	0	0	0	0	0	0	0	0	0	0	0	0	0	0	0	0	0	0	0	0	0	0	0	0	0	0	0	0	0	0	0	0	0	0	0	0	0	0	0	0
LFQ	31	0	0	0	0	0	0	0	0	0	0	0	0	0	0	0	0	0	0	0	0	0	0	0	0	0	0	0	0	0	0	0	0	0	0	0	0	0	0	0	0	0	0
LFQ	32	0	0	0	0	0	0	0	0	0	0	0	0	0	0	0	0	0	0	0	0	0	0	0	0	0	0	0	0	0	0	0	0	0	0	0	0	0	0	0	0	0	0
LFQ	33	0	0	0	0	0	0	0	0	0	0	0	0	0	0	0	0	0	0	0	0	0	0	0	0	0	0	0	0	0	0	0	0	0	0	0	0	0	0	0	0	0	0
LFQ	34	0	0	0	0	0	0	0	0	0	0	0	0	0	0	0	0	0	0	0	0	0	0	0	0	0	0	0	0	0	0	0	0	0	0	0	0	0	0	0	0	0	0
LFQ	35	0	0	0	0	0	0	0	0	0	0	0	0	0	0	0	0	0	0	0	0	0	0	0	0	0	0	0	0	0	0	0	0	0	0	0	0	0	0	0	0	0	0
LFQ	36	0	0	0	0	0	0	0	0	0	0	0	0	0	0	0	0	0	0	0	0	0	0	0	0	0	0	0	0	0	0	0	0	0	0	0	0	0	0	0	0	0	0
LFQ	37	0	0	0	0	0	0	0	0	0	0	0	0	0	0	0	0	0	0	0	0	0	0	0	0	0	0	0	0	0	0	0	0	0	0	0	0	0	0	0	0	0	0
LFQ	38	0	0	0	0	0	0	0	0	0	0	0	0	0	0	0	0	0	0	0	0	0	0	0	0	0	0	0	0	0	0	0	0	0	0	0	0	0	0	0	0	0	0
LFQ	39	0	0	0	0	0	0	0	0	0	0	0	0	0	0	0	0	0	0	0	0	0	0	0	0	0	0	0	0	0	0	0	0	0	0	0	0	0	0	0	0	0	0
LFQ	40	0	0	0	0	0	0	0	0	0	0	0	0	0	0	0	0	0	0	0	0	0	0	0	0	0	0	0	0	0	0	0	0	0	0	0	0	0	0	0	0	0	0
LFQ	41	0	0	0	0	0	0	0	0	0	0	0	0	0	0	0	0	0	0	0	0	0	0	0	0	0	0	0	0	0	0	0	0	0	0	0	0	0	0	0	0	0	0
LFQ	42	0	0	0	0	0	0	0	0	0	0	0	0	0	0	0	0	0	0	0	0	0	0	0	0	0	0	0	0	0	0	0	0	0	0	0	0	0	0	0	0	0	0
LFQ	43	0	0	0	0	0	0	0	0	0	0	0	0	0	0	0	0	0	0	0	0	0	0	0	0	0	0	0	0	0	0	0	0	0	0	0	0	0	0	0	0	0	0
LFQ	44	0	0	0	0	0	0	0	0	0	0	0	0	0	0	0	0	0	0	0	0	0	0	0	0	0	0	0	0	0	0	0	0	0	0	0	0	0	0	0	0	0	0
LFQ	45	0	0	0	0	0	0	0	0	0	0	0	0	0	0	0	0	0	0	0	0	0	0	0	0	0	0	0	0	0	0	0	0	0	0	0	0	0	0	0	0	0	0
LFQ	46	0	0	0	0	0	0	0	0	0	0	0	0	0	0	0	0	0	0	0	0	0	0	0	0	0	0	0	0	0	0	0	0	0	0	0	0	0	0	0	0	0	0
LFQ	47	0	0	0	0	0	0	0	0	0	0	0	0	0	0	0	0	0	0	0	0	0	0	0	0	0	0	0	0	0	0	0	0	0	0	0	0	0	0	0	0	0	0
LFQ	48	0	0	0	0	0	0	0	0	0	0	0	0	0	0	0	0	0	0	0	0	0	0	0	0	0	0	0	0	0	0	0	0	0	0	0	0	0	0	0	0	0	0
LFQ	49	0	0	0	0	0	0	0	0	0	0	0	0	0	0	0	0	0	0	0	0	0	0	0	0	0	0	0	0	0	0	0	0	0	0	0	0	0	0	0	0	0	0
LFQ	50	0	0	0	0	0	0	0	0	0	0	0	0	0	0	0	0	0	0	0	0	0	0	0	0	0	0	0	0	0	0	0	0	0	0	0	0	0	0	0	0	0	0
LFQ	51	0	0	0	0	0	0	0	0	0	0	0	0	0	0	0	0	0	0	0	0	0	0	0	0	0	0	0	0	0	0	0	0	0	0	0	0	0	0	0	0	0	0
LFQ	52	0	0	0	0	0	0	0	0	0	0	0	0	0	0	0	0	0	0	0	0	0	0	0	0	0	0	0	0	0	0	0	0	0	0	0	0	0	0	0	0	0	0
LFQ	53	0	0	0	0	0	0	0	0	0	0	0	0	0	0	0	0	0	0	0	0	0	0	0	0	0	0	0	0	0	0	0	0	0	0	0	0	0	0	0	0	0	0
LFQ	54	0	0	0	0	0	0	0	0	0	0	0	0	0	0	0	0	0	0	0	0	0	0	0	0	0	0	0	0	0	0	0	0	0	0	0	0	0	0	0	0	0	0
LFQ	55	0	0	0	0	0	0	0	0	0	0	0	0	0	0	0	0	0	0	0	0	0	0	0	0	0	0	0	0	0	0	0	0	0	0	0	0	0	0	0	0	0	0
LFQ	56	0	0	0	0	0	0	0	0	0	0	0	0	0	0	0	0	0	0	0	0	0	0	0	0	0	0	0	0	0	0	0	0	0	0	0	0	0	0	0	0	0	0
LFQ	57	0	0	0	0	0	0	0	0	0	0	0	0	0	0	0	0	0	0	0	0	0	0	0	0	0	0	0	0	0	0	0	0	0	0	0	0	0	0	0	0	0	0
LFQ	58	0	0	0	0	0	0	0	0	0	0	0	0	0	0	0	0	0	0	0	0	0	0	0	0	0	0	0	0	0	0	0	0	0	0	0	0	0	0	0	0	0	0
LFQ	59	0	0	0	0	0	0	0	0	0	0	0	0	0	0	0	0	0	0	0	0	0	0	0	0	0	0	0	0	0	0	0	0	0	0	0	0	0	0	0	0	0	0
LFQ	60	0	0	0	0	0	0	0	0	0	0	0	0	0	0	0	0	0	0	0	0	0	0	0	0	0	0	0	0	0	0	0	0	0	0	0	0	0	0	0	0	0	0
LFQ	61	0	0	0	0	0	0	0	0	0	0	0	0	0	0	0	0	0	0	0	0	0	0	0	0	0	0	0	0	0	0	0	0	0	0	0	0	0	0	0	0	0	0
LFQ	62	0	0	0	0	0	0	0	0	0	0	0	0	0	0	0	0	0	0	0	0	0	0	0	0	0	0	0	0	0	0	0	0	0	0	0	0	0	0	0	0	0	0
LFQ	63	0	0	0	0	0	0	0	0	0	0	0	0	0	0	0	0	0	0	0	0	0	0	0	0	0	0	0	0	0	0	0	0	0	0	0	0	0	0	0	0	0	0
LFQ	64	0	0	0	0	0	0	0	0	0	0	0	0	0	0	0	0	0	0	0	0	0	0	0	0	0	0	0	0	0	0	0	0	0	0	0	0	0	0	0	0	0	0
LFQ	65	0	0	0	0	0	0	0	0	0	0	0	0	0	0	0	0	0	0	0	0	0	0	0	0	0	0	0	0	0	0	0	0	0	0	0	0	0	0	0	0	0	0
LFQ	66	0	0	0	0	0	0	0	0	0	0	0	0	0	0	0	0	0	0	0	0	0	0	0	0	0	0	0	0	0	0	0	0	0	0	0	0	0	0	0	0	0	0
LFQ	67	0	0	0	0	0	0	0	0	0	0	0	0	0	0	0	0	0	0	0	0	0	0	0	0	0	0	0	0	0	0	0	0	0	0	0	0	0	0	0	0	0	0
LFQ	68	0	0	0	0	0	0	0	0	0	0	0	0	0	0	0	0	0	0	0	0	0	0	0	0	0	0	0	0	0	0	0	0	0	0	0	0	0	0	0	0	0	0
LFQ	69	0	0	0	0	0	0	0	0	0	0	0	0	0	0	0	0	0	0	0	0	0	0	0	0	0	0	0	0	0	0	0	0	0	0	0	0	0	0	0	0	0	0
LFQ	70	0	0	0	0	0	0	0	0	0	0	0	0	0	0	0	0	0	0	0	0	0	0	0	0	0	0	0	0	0	0	0	0	0	0	0	0	0	0	0	0	0	0
LFQ	71	0	0	0	0	0	0	0	0	0	0	0	0	0	0	0	0	0	0	0	0	0	0	0	0	0	0	0	0	0	0	0	0	0	0	0	0	0	0	0	0	0	0
LFQ	72	0	0	0	0	0	0	0	0	0	0	0	0	0	0	0	0	0	0	0	0	0	0	0	0	0	0	0	0	0	0	0	0	0	0	0	0	0	0	0	0	0	0
LFQ	73	0	0	0	0	0	0	0	0	0	0	0	0	0	0	0	0	0	0	0	0	0	0	0	0	0	0	0	0	0	0	0	0	0	0	0	0	0	0	0	0	0	0
LFQ	74	0	0	0	0	0	0	0	0	0	0	0	0	0	0	0	0	0	0	0	0	0	0	0	0	0	0	0	0	0	0	0	0	0	0	0	0	0	0	0	0	0	0
LFQ	75	0	0	0	0	0	0	0	0	0	0	0	0	0	0	0	0	0	0	0	0	0	0	0	0	0	0	0	0	0	0	0	0	0	0	0	0	0	0	0	0	0	0
LFQ	76	0	0	0	0	0	0	0	0	0	0	0	0	0	0	0	0	0	0	0	0	0	0	0	0	0	0	0	0	0	0	0	0	0	0	0	0	0	0	0	0	0	0
LFQ	77	0	0	0	0	0	0	0	0	0	0	0	0	0	0	0	0	0	0	0	0	0	0	0	0	0	0	0	0	0	0	0	0	0	0	0	0	0	0	0	0	0	0
# GC Content of first fragments. Use `grep ^GCF | cut -f 2-` to extract this part.
GCF	13.82	0
GCF	28.14	1
GCF	28.89	2
GCF	30.40	1
GCF	32.16	2
GCF	33.42	1
GCF	34.67	0
GCF	35.43	3
GCF	35.93	4
GCF	36.43	5
GCF	37.19	2
GCF	38.69	4
GCF	40.20	3
GCF	40.95	2
GCF	41.46	3
GCF	41.96	6
GCF	42.71	7
GCF	43.47	6
GCF	44.22	5
GCF	44.97	4
GCF	45.48	3
GCF	46.48	4
GCF	47.49	2
GCF	48.49	4
GCF	49.50	2
GCF	50.00	3
GCF	50.75	5
GCF	51.51	3
GCF	52.01	4
GCF	52.76	9
GCF	53.52	8
GCF	55.78	4
GCF	58.04	3
GCF	58.54	2
GCF	59.05	1
GCF	59.55	2
GCF	60.05	3
GCF	60.55	6
GCF	61.06	5
GCF	62.31	4
GCF	63.57	3
GCF	64.07	4
GCF	64.82	2
GCF	65.83	1
GCF	67.09	2
GCF	68.09	1
GCF	68.84	3
GCF	70.10	0
GCF	71.61	1
# GC Content of last fragments. Use `grep ^GCL | cut -f 2-` to extract this part.
# ACGT content per cycle. Use `grep ^GCC | cut -f 2-` to extract this part. The columns are: cycle; A,C,G,T base counts as a percentage of all A/C/G/T bases [%]; and N and O counts as a percentage of all A/C/G/T bases [%]
GCC	1	6.00	40.00	36.00	18.00	0.00	0.00
GCC	2	29.00	20.00	24.00	27.00	0.00	0.00
GCC	3	14.00	34.00	36.00	16.00	0.00	0.00
GCC	4	15.00	28.00	28.00	29.00	0.00	0.00
GCC	5	17.00	34.00	25.00	24.00	0.00	0.00
GCC	6	29.90	25.77	17.53	26.80	3.09	0.00
GCC	7	30.00	26.00	14.00	30.00	0.00	0.00
GCC	8	32.00	18.00	18.00	32.00	0.00	0.00
GCC	9	22.00	20.00	29.00	29.00	0.00	0.00
GCC	10	27.00	27.00	23.00	23.00	0.00	0.00
GCC	11	31.00	24.00	20.00	25.00	0.00	0.00
GCC	12	22.00	28.00	19.00	31.00	0.00	0.00
GCC	13	22.00	25.00	27.00	26.00	0.00	0.00
GCC	14	28.00	24.00	21.00	27.00	0.00	0.00
GCC	15	22.00	27.00	22.00	29.00	0.00	0.00
GCC	16	25.00	25.00	22.00	28.00	0.00	0.00
GCC	17	25.00	29.00	22.00	24.00	0.00	0.00
GCC	18	26.00	22.00	22.00	30.00	0.00	0.00
GCC	19	23.00	25.00	29.00	23.00	0.00	0.00
GCC	20	20.00	17.00	30.00	33.00	0.00	0.00
GCC	21	21.00	22.00	36.00	21.00	0.00	0.00
GCC	22	16.00	27.00	32.00	25.00	0.00	0.00
GCC	23	25.00	16.00	26.00	33.00	0.00	0.00
GCC	24	19.00	21.00	30.00	30.00	0.00	0.00
GCC	25	28.00	20.00	28.00	24.00	0.00	0.00
GCC	26	26.00	32.00	19.00	23.00	0.00	0.00
GCC	27	30.00	24.00	27.00	19.00	0.00	0.00
GCC	28	28.00	21.00	25.00	26.00	0.00	0.00
GCC	29	21.00	19.00	34.00	26.00	0.00	0.00
GCC	30	31.00	22.00	26.00	21.00	0.00	0.00
GCC	31	23.00	23.00	25.00	29.00	0.00	0.00
GCC	32	24.00	28.00	31.00	17.00	0.00	0.00
GCC	33	26.00	20.00	26.00	28.00	0.00	0.00
GCC	34	21.00	26.00	29.00	24.00	0.00	0.00
GCC	35	17.00	26.00	29.00	28.00	0.00	0.00
GCC	36	22.00	29.00	27.00	22.00	0.00	0.00
GCC	37	30.00	27.00	19.00	24.00	0.00	0.00
GCC	38	21.00	22.00	22.00	35.00	0.00	0.00
GCC	39	25.00	16.00	30.00	29.00	0.00	0.00
GCC	40	35.00	28.00	18.00	19.00	0.00	0.00
GCC	41	29.00	24.00	26.00	21.00	0.00	0.00
GCC	42	28.00	37.00	22.00	13.00	0.00	0.00
GCC	43	30.00	23.00	26.00	21.00	0.00	0.00
GCC	44	31.00	16.00	21.00	32.00	0.00	0.00
GCC	45	20.00	31.00	21.00	28.00	0.00	0.00
GCC	46	30.00	24.00	23.00	23.00	0.00	0.00
GCC	47	23.00	28.00	18.00	31.00	0.00	0.00
GCC	48	29.00	25.00	23.00	23.00	0.00	0.00
GCC	49	31.00	21.00	17.00	31.00	0.00	0.00
GCC	50	29.00	25.00	23.00	23.00	0.00	0.00
GCC	51	17.00	30.00	27.00	26.00	0.00	0.00
GCC	52	21.00	24.00	34.00	21.00	0.00	0.00
GCC	53	24.00	20.00	39.00	17.00	0.00	0.00
GCC	54	29.00	25.00	22.00	24.00	0.00	0.00
GCC	55	33.00	22.00	22.00	23.00	0.00	0.00
GCC	56	26.00	28.00	25.00	21.00	0.00	0.00
GCC	57	28.00	22.00	25.00	25.00	0.00	0.00
GCC	58	21.00	23.00	29.00	27.00	0.00	0.00
GCC	59	27.27	24.24	21.21	27.27	0.00	0.00
GCC	60	33.33	23.23	22.22	21.21	0.00	0.00
GCC	61	28.28	22.22	23.23	26.26	0.00	0.00
GCC	62	27.27	25.25	20.20	27.27	0.00	0.00
GCC	63	32.32	24.24	24.24	19.19	0.00	0.00
GCC	64	23.23	28.28	20.20	28.28	0.00	0.00
GCC	65	23.23	20.20	30.30	26.26	0.00	0.00
GCC	66	30.30	25.25	22.22	22.22	0.00	0.00
GCC	67	23.23	22.22	20.20	34.34	0.00	0.00
GCC	68	22.22	29.29	27.27	21.21	0.00	0.00
GCC	69	22.22	23.23	26.26	28.28	0.00	0.00
GCC	70	22.22	32.32	20.20	25.25	0.00	0.00
GCC	71	27.27	24.24	27.27	21.21	0.00	0.00
GCC	72	21.21	24.24	23.23	31.31	0.00	0.00
GCC	73	32.32	24.24	21.21	22.22	0.00	0.00
GCC	74	19.39	27.55	22.45	30.61	0.00	0.00
GCC	75	18.48	29.35	30.43	21.74	0.00	0.00
GCC	76	14.49	36.23	23.19	26.09	0.00	0.00
# Insert sizes. Use `grep ^IS | cut -f 2-` to extract this part. The columns are: insert size, pairs total, inward oriented pairs, outward oriented pairs, other pairs
# Read lengths. Use `grep ^RL | cut -f 2-` to extract this part. The columns are: read length, count
RL	58	1
RL	73	1
RL	74	6
RL	75	23
RL	76	69
# Indel distribution. Use `grep ^ID | cut -f 2-` to extract this part. The columns are: length, number of insertions, number of deletions
# Indels per cycle. Use `grep ^IC | cut -f 2-` to extract this part. The columns are: cycle, number of insertions (fwd), .. (rev) , number of deletions (fwd), .. (rev)
# Coverage distribution. Use `grep ^COV | cut -f 2-` to extract this part.
COV	[1-1]	1	7108
COV	[2-2]	2	68
# GC-depth. Use `grep ^GCD | cut -f 2-` to extract this part. The columns are: GC%, unique sequence percentiles, 10th, 25th, 50th, 75th and 90th depth percentile
GCD	0.0	2.151	0.000	0.000	0.000	0.000	0.000
GCD	0.5	3.226	0.004	0.004	0.004	0.004	0.004
GCD	28.0	4.301	0.004	0.004	0.004	0.004	0.004
GCD	29.0	5.376	0.004	0.004	0.004	0.004	0.004
GCD	30.0	6.452	0.004	0.004	0.004	0.004	0.004
GCD	32.0	8.602	0.004	0.004	0.004	0.004	0.004
GCD	33.0	9.677	0.004	0.004	0.004	0.004	0.004
GCD	36.0	15.054	0.004	0.004	0.004	0.004	0.004
GCD	37.0	16.129	0.004	0.004	0.004	0.004	0.004
GCD	38.0	19.355	0.004	0.004	0.004	0.004	0.004
GCD	39.0	22.581	0.004	0.004	0.004	0.004	0.004
GCD	41.0	25.806	0.004	0.004	0.004	0.004	0.004
GCD	42.0	31.183	0.004	0.004	0.004	0.004	0.004
GCD	43.0	37.634	0.004	0.004	0.004	0.004	0.004
GCD	44.0	38.710	0.004	0.004	0.004	0.004	0.004
GCD	45.0	43.011	0.004	0.004	0.004	0.004	0.011
GCD	46.0	46.237	0.004	0.004	0.004	0.004	0.004
GCD	47.0	47.312	0.004	0.004	0.004	0.004	0.004
GCD	48.0	48.387	0.004	0.004	0.004	0.004	0.004
GCD	49.0	49.462	0.004	0.004	0.004	0.004	0.004
GCD	50.0	52.688	0.004	0.004	0.004	0.004	0.004
GCD	51.0	54.839	0.004	0.004	0.004	0.004	0.004
GCD	52.0	58.065	0.004	0.004	0.004	0.004	0.004
GCD	53.0	66.667	0.004	0.004	0.004	0.004	0.004
GCD	54.0	68.817	0.004	0.004	0.004	0.004	0.004
GCD	55.0	73.118	0.004	0.004	0.004	0.004	0.004
GCD	56.0	74.194	0.007	0.007	0.007	0.007	0.007
GCD	57.0	76.344	0.004	0.004	0.004	0.004	0.004
GCD	58.0	78.495	0.004	0.004	0.004	0.004	0.004
GCD	59.0	80.645	0.004	0.004	0.004	0.004	0.004
GCD	61.0	84.946	0.004	0.004	0.004	0.004	0.004
GCD	62.0	89.247	0.004	0.004	0.004	0.004	0.004
GCD	63.0	92.473	0.004	0.004	0.004	0.004	0.004
GCD	64.0	93.548	0.004	0.004	0.004	0.004	0.004
GCD	66.0	95.699	0.004	0.004	0.004	0.007	0.007
GCD	67.0	97.849	0.004	0.004	0.004	0.004	0.004
GCD	68.0	100.000	0.004	0.004	0.004	0.004	0.004
