
# Summary table 

Name , Value
Genome , GRCh37.75 
Date , 2017-08-10 18:54
SnpEff_version , SnpEff 4.3i (build 2016-12-15 22:33), by Pablo Cingolani
Command_line_arguments , SnpEff  -i vcf -o vcf -csvStats /Sid/vsaveliev/dream_chr21_paired_with_germline/work/gatk-haplotype/syn3-normal-germline-effects-stats.csv -s /Sid/vsaveliev/dream_chr21_paired_with_germline/work/gatk-haplotype/syn3-normal-germline-effects-stats.html GRCh37.75 /Sid/vsaveliev/dream_chr21_paired_with_germline/work/gatk-haplotype/syn3-normal-germline.vcf.gz 
Warnings , 309 
Number_of_lines_in_input_file, 3019
Number_of_variants_before_filter, 3031
Number_of_not_variants , 0
Number_of_variants_processed , 3031
Number_of_known_variants <br>(i.e. non-empty ID) , 2952, 97.393599% 
Number_of_effects , 4585 
Genome_total_length ,32036512383 
Genome_effective_length ,48129895 
Change_rate , 15879 

# Change rate by chromosome

Chromosome , Length , Changes , Change_rate 
21 , 48129895 , 3031 , 15879

# Effects by impact

Type , Count , Percent 
HIGH , 74 , 1.613959% 
LOW , 246 , 5.365322% 
MODERATE , 189 , 4.122137% 
MODIFIER , 4076 , 88.898582% 

# Effects by functional class

Type , Count , Percent 
MISSENSE , 178 , 52.507375% 
SILENT , 161 , 47.492625% 

Missense_Silent_ratio, 1.10559

# Count by effects

Type , Count , Percent 
3_prime_UTR_variant , 211 , 4.568088% 
5_prime_UTR_premature_start_codon_gain_variant , 7 , 0.151548% 
5_prime_UTR_variant , 43 , 0.930937% 
TF_binding_site_variant , 6 , 0.129898% 
conservative_inframe_insertion , 1 , 0.02165% 
disruptive_inframe_deletion , 5 , 0.108249% 
disruptive_inframe_insertion , 1 , 0.02165% 
downstream_gene_variant , 447 , 9.677419% 
frameshift_variant , 10 , 0.216497% 
intergenic_region , 162 , 3.507253% 
intragenic_variant , 308 , 6.66811% 
intron_variant , 2312 , 50.054124% 
missense_variant , 178 , 3.853648% 
non_coding_transcript_exon_variant , 178 , 3.853648% 
non_coding_transcript_variant , 1 , 0.02165% 
sequence_feature , 50 , 1.082485% 
splice_acceptor_variant , 1 , 0.02165% 
splice_donor_variant , 2 , 0.043299% 
splice_region_variant , 31 , 0.671141% 
stop_gained , 1 , 0.02165% 
structural_interaction_variant , 61 , 1.320632% 
synonymous_variant , 161 , 3.485603% 
upstream_gene_variant , 442 , 9.569171% 

# Count by genomic region

Type , Count , Percent 
DOWNSTREAM , 447 , 9.749182% 
EXON , 591 , 12.889858% 
INTERGENIC , 162 , 3.533261% 
INTRON , 2284 , 49.814613% 
MOTIF , 6 , 0.130862% 
SPLICE_SITE_ACCEPTOR , 1 , 0.02181% 
SPLICE_SITE_DONOR , 2 , 0.043621% 
SPLICE_SITE_REGION , 30 , 0.654308% 
TRANSCRIPT , 359 , 7.82988% 
UPSTREAM , 442 , 9.640131% 
UTR_3_PRIME , 211 , 4.601963% 
UTR_5_PRIME , 50 , 1.090513% 

# Quality 

Values , 10,12,13,14,15,16,17,18,19,25,27,28,29,30,31,32,34,35,36,37,38,39,40,41,42,43,44,47,48,49,51,52,53,54,55,56,57,58,59,61,62,63,64,65,66,67,68,69,70,71,72,73,75,76,77,78,79,80,81,82,83,86,87,88,90,92,93,94,96,97,99,100,101,103,104,105,106,107,108,109,110,112,113,114,116,117,119,120,122,124,125,126,130,131,132,133,135,136,137,138,139,140,142,144,145,147,148,149,150,151,152,153,154,155,156,158,160,161,162,163,164,165,166,168,170,171,172,173,174,176,177,178,179,180,181,182,183,184,185,186,187,188,189,190,191,192,194,195,196,197,198,199,201,202,203,205,206,207,208,209,210,211,213,214,218,222,223,224,225,226,228,229,232,233,235,236,237,238,239,241,242,243,244,245,246,247,248,249,252,254,255,256,257,258,259,260,261,262,263,264,265,266,267,268,269,270,271,272,274,276,277,278,279,280,281,282,283,284,286,288,289,293,294,295,296,297,298,299,300,301,302,307,309,310,311,312,313,314,315,316,317,319,320,321,322,323,324,325,326,327,329,330,331,332,333,334,335,336,338,339,340,341,342,343,344,345,346,348,349,350,351,353,354,356,359,360,361,362,363,364,365,366,367,368,369,370,371,372,373,374,375,376,377,378,379,380,381,382,384,385,386,387,388,390,392,393,394,395,396,397,398,399,400,401,402,403,404,406,407,409,410,411,412,413,414,415,416,417,418,420,421,422,423,424,425,426,427,428,429,430,431,432,433,434,435,436,437,438,439,440,441,442,443,444,445,447,448,449,451,452,453,454,455,456,457,458,459,460,461,463,464,465,467,468,469,471,472,474,475,476,477,478,482,483,484,485,486,487,488,489,490,491,492,493,495,496,497,498,499,501,502,503,504,505,506,507,509,510,511,512,513,514,515,516,517,518,519,520,521,522,523,524,525,526,527,528,529,530,531,532,533,534,535,536,537,538,539,540,542,543,544,545,546,547,548,549,550,552,553,555,556,557,559,560,561,562,564,565,566,567,568,569,570,571,572,574,576,577,578,579,580,581,582,583,584,585,586,587,588,589,590,591,592,593,594,595,597,598,599,600,601,602,603,604,605,606,607,608,609,610,611,612,613,614,615,616,617,619,620,621,622,623,624,625,626,627,628,629,633,634,635,637,638,641,643,644,645,646,647,648,649,650,651,652,653,654,655,656,657,658,661,662,663,664,665,666,667,668,669,670,671,672,673,674,675,677,678,679,680,681,682,684,686,687,688,689,690,691,692,693,694,695,696,697,698,699,701,702,703,704,705,706,707,708,709,710,711,712,715,718,719,720,721,722,723,724,725,726,727,728,730,731,732,733,734,735,736,738,740,741,742,743,744,746,747,748,749,750,751,752,753,754,756,757,758,759,760,761,762,763,764,765,766,767,768,769,770,771,772,773,774,775,776,777,778,779,780,781,782,783,784,785,786,787,788,789,790,791,792,793,794,795,796,797,798,800,801,802,803,804,805,806,807,808,809,810,811,812,813,814,815,816,817,818,819,820,821,822,823,825,826,827,828,829,830,832,833,835,836,837,838,839,840,841,842,843,845,846,847,849,850,851,852,853,854,855,856,857,858,859,860,861,862,863,864,865,866,867,868,869,870,871,872,873,874,876,877,878,879,880,881,883,886,887,888,889,891,892,893,894,895,896,897,898,899,900,901,903,905,906,907,908,910,911,913,916,917,918,919,920,922,923,924,925,926,927,928,929,930,932,933,934,935,936,937,938,939,940,941,942,944,946,947,950,951,952,953,954,955,959,960,961,962,963,965,966,969,971,972,973,976,978,979,980,981,983,984,985,986,988,989,991,992,994,995,996,997,999,1000,1002,1004,1006,1008,1009,1011,1014,1016,1019,1021,1022,1026,1027,1028,1030,1031,1032,1033,1035,1036,1037,1038,1039,1040,1042,1043,1044,1045,1046,1047,1049,1050,1051,1052,1053,1055,1056,1057,1058,1060,1062,1063,1065,1068,1070,1071,1072,1075,1076,1078,1080,1083,1085,1087,1090,1092,1095,1096,1099,1100,1102,1103,1104,1105,1106,1108,1109,1110,1111,1115,1117,1118,1119,1120,1121,1122,1125,1127,1128,1129,1131,1134,1135,1137,1138,1139,1140,1141,1143,1146,1147,1150,1151,1153,1154,1155,1156,1157,1158,1159,1160,1163,1164,1165,1166,1167,1168,1173,1176,1178,1179,1181,1183,1184,1186,1189,1191,1193,1195,1196,1197,1200,1202,1203,1205,1213,1215,1217,1218,1219,1220,1226,1227,1230,1231,1232,1233,1234,1235,1236,1238,1240,1241,1242,1243,1244,1248,1249,1250,1251,1252,1254,1255,1256,1257,1258,1259,1260,1261,1262,1264,1265,1269,1271,1272,1274,1275,1276,1277,1279,1281,1283,1284,1287,1288,1291,1292,1298,1303,1305,1307,1308,1312,1314,1315,1316,1317,1322,1323,1327,1328,1329,1331,1332,1335,1337,1338,1339,1340,1342,1343,1345,1347,1348,1351,1352,1353,1354,1360,1361,1362,1363,1370,1374,1375,1376,1377,1378,1380,1382,1384,1386,1387,1391,1392,1395,1396,1397,1398,1402,1404,1406,1408,1409,1412,1414,1415,1416,1417,1418,1420,1426,1428,1429,1433,1434,1435,1439,1440,1441,1442,1443,1445,1449,1451,1452,1453,1454,1456,1457,1459,1460,1463,1464,1468,1469,1470,1473,1475,1476,1480,1481,1482,1483,1484,1485,1487,1492,1494,1495,1498,1500,1501,1504,1508,1509,1517,1523,1526,1528,1529,1530,1531,1532,1533,1535,1538,1540,1541,1542,1543,1544,1545,1546,1548,1551,1552,1553,1554,1556,1558,1559,1561,1562,1563,1566,1567,1569,1571,1574,1576,1578,1579,1580,1584,1586,1587,1592,1595,1596,1598,1600,1601,1602,1603,1604,1608,1610,1612,1613,1615,1616,1617,1619,1621,1622,1624,1625,1626,1627,1630,1631,1632,1634,1637,1639,1645,1647,1648,1649,1653,1654,1655,1659,1661,1662,1665,1667,1668,1670,1671,1672,1677,1678,1679,1680,1681,1682,1683,1685,1687,1688,1690,1692,1693,1694,1699,1700,1701,1703,1706,1707,1708,1709,1712,1714,1717,1720,1721,1724,1726,1727,1729,1730,1731,1732,1733,1735,1738,1740,1741,1742,1743,1744,1745,1746,1750,1752,1755,1756,1758,1760,1761,1762,1763,1764,1765,1766,1767,1768,1769,1771,1773,1774,1775,1777,1780,1782,1788,1789,1791,1793,1794,1795,1796,1799,1803,1804,1806,1807,1808,1811,1812,1815,1816,1818,1819,1824,1826,1828,1829,1830,1834,1836,1837,1841,1842,1843,1847,1855,1856,1864,1865,1866,1867,1872,1874,1875,1877,1881,1883,1884,1885,1886,1887,1888,1889,1890,1891,1894,1895,1896,1898,1900,1901,1902,1903,1904,1907,1908,1909,1910,1911,1915,1916,1918,1920,1922,1923,1926,1928,1929,1936,1937,1938,1939,1942,1945,1946,1947,1949,1951,1953,1956,1957,1958,1960,1962,1964,1965,1967,1971,1974,1975,1977,1979,1981,1982,1986,1988,1990,1991,1996,2002,2006,2007,2008,2009,2010,2012,2014,2016,2023,2024,2025,2027,2028,2029,2034,2035,2037,2038,2039,2040,2041,2045,2049,2051,2052,2054,2063,2064,2065,2068,2069,2071,2080,2081,2084,2088,2089,2093,2095,2096,2100,2103,2106,2107,2110,2111,2112,2114,2115,2120,2121,2123,2126,2127,2128,2129,2133,2134,2137,2144,2145,2147,2149,2153,2154,2155,2156,2164,2172,2174,2176,2179,2180,2181,2183,2184,2191,2194,2197,2199,2201,2203,2204,2206,2208,2211,2212,2215,2218,2219,2221,2223,2224,2226,2229,2230,2231,2233,2236,2237,2241,2242,2246,2247,2261,2265,2269,2270,2274,2276,2281,2282,2287,2292,2295,2299,2300,2301,2302,2304,2313,2314,2317,2322,2323,2328,2330,2333,2334,2335,2336,2338,2339,2340,2342,2346,2350,2355,2360,2362,2363,2364,2365,2369,2370,2378,2381,2384,2404,2411,2416,2417,2419,2423,2425,2428,2434,2453,2469,2475,2493,2495,2504,2506,2507,2527,2544,2545,2554,2558,2561,2576,2581,2601,2604,2607,2609,2626,2627,2632,2649,2651,2656,2660,2661,2663,2665,2667,2670,2680,2684,2689,2704,2706,2720,2730,2738,2743,2746,2748,2757,2761,2765,2770,2773,2780,2781,2787,2792,2793,2795,2797,2799,2808,2812,2843,2861,2863,2926,2964,2993,3051,3060,3098,3123,3220,3246,3297,3327,3336,3353,3370,3374,3457,3652,3735,3767,3911,3977,4220,4236,4620,4758,5002,5248,5528,5543,5692,5944,6567,7385,10832,18574
Count , 1,3,1,3,1,1,1,2,1,3,2,6,5,4,1,1,5,1,2,2,3,2,6,1,1,4,1,4,1,2,5,1,2,1,3,1,2,3,3,2,1,1,1,1,1,2,2,3,3,1,1,2,4,1,1,3,4,1,3,1,1,1,3,4,4,1,1,1,4,1,1,1,4,2,1,1,2,3,3,1,1,2,1,3,1,1,2,3,1,2,1,5,1,1,2,2,1,4,1,1,1,3,2,3,1,1,3,6,2,1,1,2,1,1,2,3,1,2,1,1,1,1,3,1,4,1,2,1,1,2,1,1,1,3,1,3,1,2,1,2,2,3,4,1,3,4,1,1,4,1,2,2,1,1,1,1,2,1,2,1,2,2,1,4,1,1,2,2,1,2,2,2,1,2,1,4,2,3,3,2,1,3,1,3,1,3,1,2,1,1,2,4,1,1,3,1,3,2,3,1,3,1,1,2,3,4,1,2,4,1,9,1,2,3,5,3,2,3,2,2,1,1,2,3,3,3,2,1,2,1,1,2,2,1,4,2,2,3,3,1,3,3,2,1,1,2,2,1,1,1,1,1,4,2,3,1,3,5,7,1,2,1,2,2,1,1,1,1,1,4,1,3,2,3,1,2,3,4,1,2,5,3,1,3,1,2,3,1,3,3,1,3,3,1,3,3,3,1,2,1,4,1,1,3,3,5,4,4,2,6,1,3,2,1,1,2,2,1,1,1,2,4,3,6,3,1,2,3,1,1,5,2,1,1,3,2,3,1,1,2,1,2,1,2,1,2,4,1,1,3,1,4,2,2,2,3,4,3,2,1,2,2,3,1,2,2,1,1,2,1,2,6,1,1,2,2,4,1,3,2,2,3,4,6,1,5,3,1,1,1,3,2,1,2,1,2,1,3,1,1,2,3,2,2,3,1,2,3,2,2,7,5,2,2,6,5,1,3,3,1,1,2,1,2,1,1,2,1,3,1,1,2,2,4,2,3,3,3,4,5,3,3,1,3,1,1,4,3,4,3,2,5,5,1,3,2,3,3,1,6,2,4,4,2,4,3,4,4,1,3,4,1,1,1,2,1,2,5,3,2,1,2,4,6,4,3,2,5,2,2,2,5,6,3,2,3,1,4,3,3,1,1,3,2,6,3,4,1,4,1,3,2,3,2,4,2,4,4,2,3,4,7,1,2,2,5,5,3,1,4,4,3,2,4,3,2,3,5,4,1,2,1,1,5,2,2,3,2,2,1,4,2,6,3,4,3,6,2,3,4,6,1,4,1,1,5,1,4,4,1,5,3,3,3,2,3,5,3,4,2,2,5,3,4,2,3,1,4,2,1,3,3,4,2,2,3,2,7,5,1,1,3,3,1,3,1,5,1,1,2,2,6,3,1,1,1,1,2,2,2,4,2,3,1,4,4,2,3,3,2,3,1,1,3,2,2,6,2,1,5,3,1,2,3,2,3,3,2,3,2,3,2,2,2,3,3,2,3,1,2,1,2,2,1,5,1,5,4,5,3,4,4,1,2,6,3,2,1,3,3,5,2,4,3,1,4,1,2,1,2,2,3,4,2,1,3,2,3,2,3,2,1,3,1,2,2,1,2,6,2,4,3,5,1,2,3,1,3,3,1,2,1,4,1,3,3,2,3,2,1,1,1,5,1,1,3,4,8,1,1,1,3,1,1,3,2,3,2,1,3,1,2,3,4,1,2,1,3,1,2,2,1,2,1,4,3,2,2,2,1,1,3,2,4,4,1,4,3,2,1,2,1,3,3,2,3,2,3,1,2,2,2,4,4,2,1,1,4,2,1,2,1,1,7,1,1,2,1,2,2,2,1,3,2,1,1,1,2,1,1,3,1,4,4,1,3,4,1,2,2,1,2,1,1,2,1,3,1,1,2,2,2,1,1,1,1,1,5,1,1,1,1,4,1,1,2,2,3,1,1,1,1,3,2,1,2,1,1,1,2,1,1,2,1,1,1,1,1,1,2,1,2,1,2,1,2,3,1,1,2,3,2,2,3,2,2,1,1,2,2,1,1,1,3,4,1,1,1,3,2,3,1,1,1,1,1,1,2,1,1,1,1,2,1,1,2,2,1,2,2,3,1,1,2,2,1,1,1,2,3,2,1,3,1,1,2,1,1,2,1,1,1,1,1,1,1,1,3,1,1,1,2,2,1,2,1,1,1,1,1,1,2,1,1,3,2,4,1,2,2,1,3,1,2,1,1,1,2,1,1,2,1,1,2,1,2,1,1,1,3,2,1,2,1,2,2,1,1,3,1,1,1,1,1,1,1,1,1,4,1,1,1,1,1,1,1,1,1,2,1,1,1,1,1,1,2,1,1,2,1,1,2,2,1,4,1,1,3,1,1,1,1,1,1,1,1,1,2,1,1,2,1,1,3,1,1,2,1,1,1,1,2,2,1,1,1,1,1,1,2,1,1,1,1,4,1,1,1,4,1,1,1,1,1,1,1,1,1,1,2,1,1,2,4,1,1,1,2,1,2,1,1,1,1,1,1,3,1,1,2,1,1,1,1,1,1,1,1,1,1,1,2,2,1,2,1,1,1,1,3,1,1,2,1,1,1,1,2,1,2,1,2,1,2,2,1,1,1,1,1,2,1,1,1,2,1,1,4,1,2,2,1,1,1,1,1,1,1,2,1,4,1,2,1,1,1,1,1,1,1,1,1,2,3,2,1,1,1,1,1,1,1,1,1,1,3,2,1,1,1,1,1,1,1,3,1,1,1,1,1,2,3,1,2,1,2,2,1,1,3,1,2,1,1,1,1,1,2,2,2,1,1,2,2,1,1,1,1,1,2,1,1,1,1,2,1,1,1,4,1,4,1,1,1,2,2,2,1,1,1,1,1,1,1,1,2,1,1,2,1,1,3,1,1,1,1,1,1,1,1,1,1,2,1,1,4,1,1,4,1,1,1,2,2,3,1,2,1,1,1,2,1,1,1,1,1,1,1,1,1,1,1,1,1,2,1,1,2,1,2,3,1,1,1,2,1,1,3,1,1,1,1,1,1,1,1,1,1,2,1,2,1,3,1,1,2,2,1,1,2,1,1,2,1,1,2,1,2,1,1,1,1,1,1,2,2,1,1,1,2,2,1,1,1,1,2,2,1,2,1,1,1,1,2,2,1,2,1,1,1,1,1,1,1,1,1,2,1,1,1,1,2,2,1,3,1,2,2,1,1,1,1,2,1,1,1,1,1,1,1,1,1,2,1,1,2,1,1,1,1,2,1,2,1,1,2,4,2,2,1,2,2,1,1,1,2,1,1,1,1,2,1,1,2,2,1,2,1,1,1,1,1,1,1,2,1,2,1,1,1,1,1,1,1,1,1,2,1,1,1,1,1,1,1,1,1,1,1,1,1,1,1,2,1,1,1,1,1,1,1,1,2,1,3,1,1,1,2,1,1,1,1,1,1,1,1,1,2,1,1,1,1,1,1,1,1,1,1,1,1,1,1,1,1,1,1,1,1,2,2,1,1,1,1,1,1,1,1,1,1,1,1,1,1,1,1,2,1,1,1,1,1,1,1,1,1,1,1,1,1,1,1,1,1,1,1,1,1,1,1,1,1,1,1,1,1,1,1,1,1,1,1,1,1,1,1,1,1,1,1,1,1,1,1,2,1,1,1,1,1,1,1,1,1,1,1

# InDel lengths

Values , 0,1,2,3,4,5,6,7,8,9,10,11,12,13,14,15,18,19,20,25,40,59,67
Count , 136,234,14,18,10,7,5,3,1,3,2,3,1,1,1,1,2,1,1,1,1,1,1

# Base changes

base  , A  , C  , G  , T 
 A  , 0  , 102  , 451  , 75 
 C  , 109  , 0  , 131  , 456 
 G  , 474  , 131  , 0  , 84 
 T  , 80  , 415  , 75  , 0 

# Ts/Tv summary

Transitions , 2460
Transversions , 1050
Ts_Tv_ratio , 2.342857

# Ts/Tv : All variants

Sample ,syn3-normal,Total
Transitions ,2460,2460
Transversions ,1050,1050
Ts/Tv ,2.343,2.343


# Ts/Tv : Known variants

Sample ,syn3-normal,Total
Transitions ,2444,2444
Transversions ,1035,1035
Ts/Tv ,2.361,2.361


# Allele frequency

# Allele frequency : All variants

Values , 50,100
Count , 1891,1128

# Allele Count

Values , 1,2
Count , 1891,1128

# Hom/Het table

Sample_names , syn3-normal
Reference , 0
Het , 1891
Hom , 1128
Missing , 0


# Codon change table
	
codons  , -  , AAA  , AAC  , AAG  , AAT  , ACA  , ACC  , ACG  , ACT  , AGA  , AGC  , AGG  , AGT  , ATA  , ATC  , ATG  , ATT  , CAA  , CAC  , CAG  , CAT  , CCA  , CCC  , CCG  , CCT  , CGA  , CGC  , CGG  , CGT  , CTA  , CTC  , CTG  , CTT  , GAA  , GAC  , GAG  , GAT  , GCA  , GCC  , GCG  , GCT  , GGA  , GGC  , GGG  , GGT  , GTA  , GTC  , GTG  , GTT  , TAC  , TAT  , TCA  , TCC  , TCG  , TCT  , TGA  , TGC  , TGG  , TGT  , TTA  , TTC  , TTG  , TTT 
 -   , 0  , 0  , 0  , 0  , 1  , 0  , 0  , 0  , 1  , 1  , 1  , 0  , 0  , 0  , 0  , 0  , 0  , 0  , 0  , 0  , 1  , 1  , 1  , 0  , 0  , 0  , 1  , 0  , 0  , 0  , 1  , 0  , 1  , 0  , 0  , 2  , 1  , 0  , 1  , 0  , 2  , 0  , 0  , 3  , 1  , 0  , 0  , 1  , 0  , 0  , 0  , 1  , 0  , 0  , 0  , 1  , 1  , 0  , 0  , 0  , 0  , 0  , 1 
 AAA   , 0  , 0  , 0  , 3  , 0  , 0  , 0  , 0  , 0  , 4  , 0  , 0  , 0  , 0  , 0  , 0  , 0  , 0  , 0  , 0  , 0  , 0  , 0  , 0  , 0  , 0  , 0  , 0  , 0  , 0  , 0  , 0  , 0  , 1  , 0  , 0  , 0  , 0  , 0  , 0  , 0  , 0  , 0  , 0  , 0  , 0  , 0  , 0  , 0  , 0  , 0  , 0  , 0  , 0  , 0  , 0  , 0  , 0  , 0  , 0  , 0  , 0  , 0 
 AAC   , 0  , 0  , 0  , 0  , 2  , 0  , 0  , 0  , 0  , 0  , 0  , 0  , 0  , 0  , 0  , 0  , 0  , 0  , 0  , 0  , 0  , 0  , 0  , 0  , 0  , 0  , 0  , 0  , 0  , 0  , 0  , 0  , 0  , 0  , 2  , 0  , 0  , 0  , 0  , 0  , 0  , 0  , 0  , 0  , 0  , 0  , 0  , 0  , 0  , 0  , 0  , 0  , 0  , 0  , 0  , 0  , 0  , 0  , 0  , 0  , 0  , 0  , 0 
 AAG   , 0  , 3  , 0  , 0  , 0  , 0  , 0  , 0  , 0  , 0  , 0  , 1  , 0  , 0  , 0  , 0  , 0  , 0  , 0  , 0  , 0  , 0  , 0  , 0  , 0  , 0  , 0  , 0  , 0  , 0  , 0  , 0  , 0  , 0  , 0  , 0  , 0  , 0  , 0  , 0  , 0  , 0  , 0  , 0  , 0  , 0  , 0  , 0  , 0  , 0  , 0  , 0  , 0  , 0  , 0  , 0  , 0  , 0  , 0  , 0  , 0  , 0  , 0 
 AAT   , 0  , 0  , 3  , 0  , 0  , 0  , 0  , 0  , 0  , 0  , 0  , 0  , 1  , 0  , 0  , 0  , 0  , 0  , 0  , 0  , 0  , 0  , 0  , 0  , 0  , 0  , 0  , 0  , 0  , 0  , 0  , 0  , 0  , 0  , 0  , 0  , 1  , 0  , 0  , 0  , 0  , 0  , 0  , 0  , 0  , 0  , 0  , 0  , 0  , 0  , 0  , 0  , 0  , 0  , 0  , 0  , 0  , 0  , 0  , 0  , 0  , 0  , 0 
 ACA   , 0  , 0  , 0  , 0  , 0  , 0  , 0  , 4  , 0  , 0  , 0  , 0  , 0  , 0  , 0  , 0  , 0  , 0  , 0  , 0  , 0  , 0  , 0  , 0  , 0  , 0  , 0  , 0  , 0  , 0  , 0  , 0  , 0  , 0  , 0  , 0  , 0  , 2  , 0  , 0  , 0  , 0  , 0  , 0  , 0  , 0  , 0  , 0  , 0  , 0  , 0  , 0  , 0  , 0  , 0  , 0  , 0  , 0  , 0  , 0  , 0  , 0  , 0 
 ACC   , 0  , 0  , 0  , 0  , 0  , 0  , 0  , 1  , 1  , 0  , 0  , 0  , 0  , 0  , 1  , 0  , 0  , 0  , 0  , 0  , 0  , 0  , 3  , 0  , 0  , 0  , 0  , 0  , 0  , 0  , 0  , 0  , 0  , 0  , 0  , 0  , 0  , 0  , 2  , 0  , 0  , 0  , 0  , 0  , 0  , 0  , 0  , 0  , 0  , 0  , 0  , 0  , 1  , 0  , 0  , 0  , 0  , 0  , 0  , 0  , 0  , 0  , 0 
 ACG   , 0  , 0  , 0  , 0  , 0  , 5  , 0  , 0  , 0  , 0  , 0  , 0  , 0  , 0  , 0  , 1  , 0  , 0  , 0  , 0  , 0  , 0  , 0  , 0  , 0  , 0  , 0  , 0  , 0  , 0  , 0  , 0  , 0  , 0  , 0  , 0  , 0  , 0  , 0  , 2  , 0  , 0  , 0  , 0  , 0  , 0  , 0  , 0  , 0  , 0  , 0  , 0  , 0  , 0  , 0  , 0  , 0  , 0  , 0  , 0  , 0  , 0  , 0 
 ACT   , 0  , 0  , 0  , 0  , 0  , 0  , 2  , 0  , 0  , 0  , 0  , 0  , 0  , 0  , 0  , 0  , 0  , 0  , 0  , 0  , 0  , 0  , 0  , 0  , 1  , 0  , 0  , 0  , 0  , 0  , 0  , 0  , 0  , 0  , 0  , 0  , 0  , 0  , 0  , 0  , 2  , 0  , 0  , 0  , 0  , 0  , 0  , 0  , 0  , 0  , 0  , 0  , 0  , 0  , 0  , 0  , 0  , 0  , 0  , 0  , 0  , 0  , 0 
 AGA   , 1  , 0  , 0  , 0  , 0  , 1  , 0  , 0  , 0  , 0  , 0  , 1  , 1  , 0  , 0  , 0  , 0  , 0  , 0  , 0  , 0  , 0  , 0  , 0  , 0  , 0  , 0  , 0  , 0  , 0  , 0  , 0  , 0  , 0  , 0  , 0  , 0  , 0  , 0  , 0  , 0  , 0  , 0  , 0  , 0  , 0  , 0  , 0  , 0  , 0  , 0  , 0  , 0  , 0  , 0  , 0  , 0  , 0  , 0  , 0  , 0  , 0  , 0 
 AGC   , 2  , 0  , 2  , 0  , 0  , 0  , 0  , 0  , 0  , 0  , 0  , 1  , 1  , 0  , 0  , 0  , 0  , 0  , 0  , 0  , 0  , 0  , 0  , 0  , 0  , 0  , 0  , 0  , 0  , 0  , 0  , 0  , 0  , 0  , 0  , 0  , 0  , 0  , 0  , 0  , 0  , 0  , 1  , 0  , 0  , 0  , 0  , 0  , 0  , 0  , 0  , 0  , 0  , 0  , 0  , 0  , 0  , 0  , 0  , 0  , 0  , 0  , 0 
 AGG   , 1  , 0  , 0  , 0  , 0  , 0  , 0  , 0  , 0  , 4  , 0  , 0  , 0  , 0  , 0  , 0  , 0  , 0  , 0  , 0  , 0  , 0  , 0  , 0  , 0  , 0  , 0  , 0  , 0  , 0  , 0  , 0  , 0  , 0  , 0  , 0  , 0  , 0  , 0  , 0  , 0  , 0  , 0  , 0  , 0  , 0  , 0  , 0  , 0  , 0  , 0  , 0  , 0  , 0  , 0  , 0  , 0  , 0  , 0  , 0  , 0  , 0  , 0 
 AGT   , 0  , 0  , 0  , 0  , 0  , 0  , 0  , 0  , 1  , 0  , 1  , 0  , 0  , 0  , 0  , 0  , 0  , 0  , 0  , 0  , 0  , 0  , 0  , 0  , 0  , 0  , 0  , 0  , 0  , 0  , 0  , 0  , 0  , 0  , 0  , 0  , 0  , 0  , 0  , 0  , 0  , 0  , 0  , 0  , 1  , 0  , 0  , 0  , 0  , 0  , 0  , 0  , 0  , 0  , 0  , 0  , 0  , 0  , 0  , 0  , 0  , 0  , 0 
 ATA   , 0  , 0  , 0  , 0  , 0  , 0  , 0  , 0  , 0  , 0  , 0  , 0  , 0  , 0  , 0  , 0  , 0  , 0  , 0  , 0  , 0  , 0  , 0  , 0  , 0  , 0  , 0  , 0  , 0  , 0  , 0  , 0  , 0  , 0  , 0  , 0  , 0  , 0  , 0  , 0  , 0  , 0  , 0  , 0  , 0  , 1  , 0  , 0  , 0  , 0  , 0  , 0  , 0  , 0  , 0  , 0  , 0  , 0  , 0  , 0  , 0  , 0  , 0 
 ATC   , 0  , 0  , 0  , 0  , 0  , 0  , 1  , 0  , 0  , 0  , 0  , 0  , 0  , 0  , 0  , 0  , 2  , 0  , 0  , 0  , 0  , 0  , 0  , 0  , 0  , 0  , 0  , 0  , 0  , 0  , 0  , 0  , 0  , 0  , 0  , 0  , 0  , 0  , 0  , 0  , 0  , 0  , 0  , 0  , 0  , 0  , 1  , 0  , 0  , 0  , 0  , 0  , 0  , 0  , 0  , 0  , 0  , 0  , 0  , 0  , 1  , 0  , 0 
 ATG   , 0  , 0  , 0  , 0  , 0  , 0  , 0  , 3  , 0  , 0  , 0  , 1  , 0  , 0  , 0  , 0  , 0  , 0  , 0  , 0  , 0  , 0  , 0  , 0  , 0  , 0  , 0  , 0  , 0  , 0  , 0  , 0  , 0  , 0  , 0  , 0  , 0  , 0  , 0  , 0  , 0  , 0  , 0  , 0  , 0  , 0  , 0  , 3  , 0  , 0  , 0  , 0  , 0  , 0  , 0  , 0  , 0  , 0  , 0  , 0  , 0  , 0  , 0 
 ATT   , 0  , 0  , 0  , 0  , 0  , 0  , 0  , 0  , 1  , 0  , 0  , 0  , 0  , 0  , 3  , 0  , 0  , 0  , 0  , 0  , 0  , 0  , 0  , 0  , 0  , 0  , 0  , 0  , 0  , 0  , 0  , 0  , 0  , 0  , 0  , 0  , 0  , 0  , 0  , 0  , 0  , 0  , 0  , 0  , 0  , 0  , 0  , 0  , 0  , 0  , 0  , 0  , 0  , 0  , 0  , 0  , 0  , 0  , 0  , 0  , 0  , 0  , 0 
 CAA   , 0  , 2  , 0  , 0  , 0  , 0  , 0  , 0  , 0  , 0  , 0  , 0  , 0  , 0  , 0  , 0  , 0  , 0  , 0  , 3  , 2  , 0  , 0  , 0  , 0  , 3  , 0  , 0  , 0  , 0  , 0  , 0  , 0  , 1  , 0  , 0  , 0  , 0  , 0  , 0  , 0  , 0  , 0  , 0  , 0  , 0  , 0  , 0  , 0  , 0  , 0  , 0  , 0  , 0  , 0  , 0  , 0  , 0  , 0  , 0  , 0  , 0  , 0 
 CAC   , 0  , 0  , 0  , 0  , 0  , 0  , 0  , 0  , 0  , 0  , 0  , 0  , 0  , 0  , 0  , 0  , 0  , 0  , 0  , 0  , 1  , 0  , 1  , 0  , 0  , 0  , 4  , 0  , 0  , 0  , 0  , 0  , 0  , 0  , 1  , 0  , 0  , 0  , 0  , 0  , 0  , 0  , 0  , 0  , 0  , 0  , 0  , 0  , 0  , 1  , 0  , 0  , 0  , 0  , 0  , 0  , 0  , 0  , 0  , 0  , 0  , 0  , 0 
 CAG   , 0  , 0  , 0  , 1  , 0  , 0  , 0  , 0  , 0  , 0  , 0  , 0  , 0  , 0  , 0  , 0  , 0  , 3  , 2  , 0  , 0  , 0  , 0  , 1  , 0  , 0  , 0  , 1  , 0  , 0  , 0  , 0  , 0  , 0  , 0  , 2  , 0  , 0  , 0  , 0  , 0  , 0  , 0  , 0  , 0  , 0  , 0  , 0  , 0  , 0  , 0  , 0  , 0  , 0  , 0  , 0  , 0  , 0  , 0  , 0  , 0  , 0  , 0 
 CAT   , 0  , 0  , 0  , 0  , 0  , 0  , 0  , 0  , 0  , 0  , 0  , 0  , 0  , 0  , 0  , 0  , 0  , 0  , 2  , 0  , 0  , 0  , 0  , 0  , 0  , 0  , 0  , 0  , 1  , 0  , 0  , 0  , 0  , 0  , 0  , 0  , 0  , 0  , 0  , 0  , 0  , 0  , 0  , 0  , 0  , 0  , 0  , 0  , 0  , 0  , 0  , 0  , 0  , 0  , 0  , 0  , 0  , 0  , 0  , 0  , 0  , 0  , 0 
 CCA   , 2  , 0  , 0  , 0  , 0  , 0  , 0  , 0  , 0  , 0  , 0  , 0  , 0  , 0  , 0  , 0  , 0  , 0  , 0  , 0  , 0  , 0  , 0  , 6  , 0  , 1  , 0  , 0  , 0  , 0  , 0  , 0  , 0  , 0  , 0  , 0  , 0  , 1  , 0  , 0  , 0  , 0  , 0  , 0  , 0  , 0  , 0  , 0  , 0  , 0  , 0  , 0  , 0  , 0  , 0  , 0  , 0  , 0  , 0  , 0  , 0  , 0  , 0 
 CCC   , 1  , 0  , 0  , 0  , 0  , 0  , 0  , 0  , 0  , 0  , 0  , 0  , 0  , 0  , 0  , 0  , 0  , 0  , 0  , 0  , 0  , 3  , 0  , 1  , 2  , 0  , 1  , 0  , 0  , 0  , 0  , 0  , 0  , 0  , 0  , 0  , 0  , 0  , 0  , 0  , 0  , 0  , 0  , 0  , 0  , 0  , 0  , 0  , 0  , 0  , 0  , 0  , 2  , 0  , 0  , 0  , 0  , 0  , 0  , 0  , 0  , 0  , 0 
 CCG   , 2  , 0  , 0  , 0  , 0  , 0  , 0  , 0  , 0  , 0  , 0  , 0  , 0  , 0  , 0  , 0  , 0  , 0  , 0  , 0  , 0  , 3  , 1  , 0  , 1  , 0  , 0  , 0  , 0  , 0  , 0  , 5  , 0  , 0  , 0  , 0  , 0  , 0  , 0  , 0  , 0  , 0  , 0  , 0  , 0  , 0  , 0  , 0  , 0  , 0  , 0  , 0  , 0  , 0  , 0  , 0  , 0  , 0  , 0  , 0  , 0  , 0  , 0 
 CCT   , 0  , 0  , 0  , 0  , 0  , 0  , 0  , 0  , 0  , 0  , 0  , 0  , 0  , 0  , 0  , 0  , 0  , 0  , 0  , 0  , 0  , 1  , 7  , 0  , 0  , 0  , 0  , 0  , 0  , 0  , 0  , 0  , 0  , 0  , 0  , 0  , 0  , 0  , 0  , 0  , 0  , 0  , 0  , 0  , 0  , 0  , 0  , 0  , 0  , 0  , 0  , 0  , 0  , 0  , 1  , 0  , 0  , 0  , 0  , 0  , 0  , 0  , 0 
 CGA   , 0  , 0  , 0  , 0  , 0  , 0  , 0  , 0  , 0  , 0  , 0  , 0  , 0  , 0  , 0  , 0  , 0  , 1  , 0  , 0  , 0  , 0  , 0  , 0  , 0  , 0  , 0  , 0  , 0  , 0  , 0  , 0  , 0  , 0  , 0  , 0  , 0  , 0  , 0  , 0  , 0  , 0  , 0  , 0  , 0  , 0  , 0  , 0  , 0  , 0  , 0  , 0  , 0  , 0  , 0  , 0  , 0  , 0  , 0  , 0  , 0  , 0  , 0 
 CGC   , 0  , 0  , 0  , 0  , 0  , 0  , 0  , 0  , 0  , 0  , 0  , 0  , 0  , 0  , 0  , 0  , 0  , 0  , 1  , 0  , 0  , 0  , 0  , 0  , 0  , 0  , 0  , 0  , 0  , 0  , 0  , 0  , 0  , 0  , 0  , 0  , 0  , 0  , 0  , 0  , 0  , 0  , 0  , 0  , 0  , 0  , 0  , 0  , 0  , 0  , 0  , 0  , 0  , 0  , 0  , 0  , 4  , 0  , 0  , 0  , 0  , 0  , 0 
 CGG   , 0  , 0  , 0  , 0  , 0  , 0  , 0  , 0  , 0  , 0  , 0  , 0  , 0  , 0  , 0  , 0  , 0  , 0  , 0  , 2  , 0  , 0  , 0  , 1  , 0  , 0  , 0  , 0  , 0  , 0  , 0  , 0  , 0  , 0  , 0  , 0  , 0  , 0  , 0  , 0  , 0  , 0  , 0  , 1  , 0  , 0  , 0  , 0  , 0  , 0  , 0  , 0  , 0  , 0  , 0  , 0  , 0  , 2  , 0  , 0  , 0  , 0  , 0 
 CGT   , 0  , 0  , 0  , 0  , 0  , 0  , 0  , 0  , 0  , 0  , 0  , 0  , 0  , 0  , 0  , 0  , 0  , 0  , 0  , 0  , 1  , 0  , 0  , 0  , 0  , 0  , 2  , 0  , 0  , 0  , 0  , 0  , 0  , 0  , 0  , 0  , 0  , 0  , 0  , 0  , 0  , 0  , 0  , 0  , 0  , 0  , 0  , 0  , 0  , 0  , 0  , 0  , 0  , 0  , 0  , 0  , 0  , 0  , 2  , 0  , 0  , 0  , 0 
 CTA   , 0  , 0  , 0  , 0  , 0  , 0  , 0  , 0  , 0  , 0  , 0  , 0  , 0  , 0  , 0  , 0  , 0  , 0  , 0  , 0  , 0  , 2  , 0  , 0  , 0  , 0  , 0  , 0  , 0  , 0  , 0  , 0  , 0  , 0  , 0  , 0  , 0  , 0  , 0  , 0  , 0  , 0  , 0  , 0  , 0  , 0  , 0  , 0  , 0  , 0  , 0  , 0  , 0  , 0  , 0  , 0  , 0  , 0  , 0  , 0  , 0  , 0  , 0 
 CTC   , 0  , 0  , 0  , 0  , 0  , 0  , 0  , 0  , 0  , 0  , 0  , 0  , 0  , 0  , 0  , 0  , 0  , 0  , 0  , 0  , 0  , 0  , 0  , 0  , 0  , 0  , 0  , 0  , 0  , 0  , 0  , 1  , 1  , 0  , 0  , 0  , 0  , 0  , 0  , 0  , 0  , 0  , 0  , 0  , 0  , 0  , 0  , 0  , 0  , 0  , 0  , 0  , 0  , 0  , 0  , 0  , 0  , 0  , 0  , 0  , 0  , 0  , 0 
 CTG   , 0  , 0  , 0  , 0  , 0  , 0  , 0  , 0  , 0  , 0  , 0  , 0  , 0  , 0  , 0  , 1  , 0  , 0  , 0  , 0  , 0  , 0  , 0  , 4  , 0  , 0  , 0  , 0  , 0  , 3  , 4  , 0  , 2  , 0  , 0  , 0  , 0  , 0  , 0  , 0  , 0  , 0  , 0  , 0  , 0  , 0  , 0  , 0  , 0  , 0  , 0  , 0  , 0  , 0  , 0  , 0  , 0  , 0  , 0  , 0  , 0  , 0  , 0 
 CTT   , 0  , 0  , 0  , 0  , 0  , 0  , 0  , 0  , 0  , 0  , 0  , 0  , 0  , 0  , 0  , 0  , 0  , 0  , 0  , 0  , 1  , 0  , 0  , 0  , 0  , 0  , 0  , 0  , 0  , 0  , 2  , 0  , 0  , 0  , 0  , 0  , 0  , 0  , 0  , 0  , 0  , 0  , 0  , 0  , 0  , 0  , 0  , 0  , 0  , 0  , 0  , 0  , 0  , 0  , 0  , 0  , 0  , 0  , 0  , 0  , 0  , 0  , 0 
 GAA   , 1  , 0  , 0  , 0  , 0  , 0  , 0  , 0  , 0  , 0  , 0  , 0  , 0  , 0  , 0  , 0  , 0  , 0  , 0  , 0  , 0  , 0  , 0  , 0  , 0  , 0  , 0  , 0  , 0  , 0  , 0  , 0  , 0  , 0  , 0  , 0  , 0  , 0  , 0  , 0  , 0  , 0  , 0  , 0  , 0  , 0  , 0  , 0  , 0  , 0  , 0  , 0  , 0  , 0  , 0  , 0  , 0  , 0  , 0  , 0  , 0  , 0  , 0 
 GAC   , 1  , 0  , 3  , 0  , 0  , 0  , 0  , 0  , 0  , 0  , 0  , 0  , 0  , 0  , 0  , 0  , 0  , 0  , 1  , 0  , 0  , 0  , 0  , 0  , 0  , 0  , 0  , 0  , 0  , 0  , 0  , 0  , 0  , 2  , 0  , 1  , 6  , 0  , 0  , 0  , 0  , 0  , 0  , 0  , 0  , 0  , 0  , 0  , 0  , 0  , 0  , 0  , 0  , 0  , 0  , 0  , 0  , 0  , 0  , 0  , 0  , 0  , 0 
 GAG   , 0  , 0  , 0  , 0  , 0  , 0  , 0  , 0  , 0  , 0  , 0  , 0  , 0  , 0  , 0  , 0  , 0  , 0  , 0  , 0  , 0  , 0  , 0  , 0  , 0  , 0  , 0  , 0  , 0  , 0  , 0  , 0  , 0  , 4  , 1  , 0  , 1  , 0  , 0  , 1  , 0  , 0  , 0  , 0  , 0  , 0  , 0  , 0  , 0  , 0  , 0  , 0  , 0  , 0  , 0  , 0  , 0  , 0  , 0  , 0  , 0  , 0  , 0 
 GAT   , 1  , 0  , 0  , 0  , 1  , 0  , 0  , 0  , 0  , 0  , 0  , 0  , 0  , 0  , 0  , 0  , 0  , 0  , 0  , 0  , 0  , 0  , 0  , 0  , 0  , 0  , 0  , 0  , 0  , 0  , 0  , 0  , 0  , 0  , 2  , 1  , 1  , 0  , 0  , 0  , 0  , 0  , 0  , 0  , 0  , 0  , 0  , 0  , 0  , 0  , 0  , 0  , 0  , 0  , 0  , 0  , 0  , 0  , 0  , 0  , 0  , 0  , 0 
 GCA   , 0  , 0  , 0  , 0  , 0  , 1  , 0  , 0  , 0  , 0  , 0  , 0  , 0  , 0  , 0  , 0  , 0  , 0  , 0  , 0  , 0  , 0  , 0  , 0  , 0  , 0  , 0  , 0  , 0  , 0  , 0  , 0  , 0  , 0  , 0  , 0  , 0  , 0  , 1  , 0  , 0  , 0  , 0  , 0  , 0  , 0  , 0  , 0  , 0  , 0  , 0  , 1  , 0  , 0  , 0  , 0  , 0  , 0  , 0  , 0  , 0  , 0  , 0 
 GCC   , 2  , 0  , 0  , 0  , 0  , 0  , 2  , 0  , 0  , 0  , 1  , 0  , 0  , 0  , 0  , 0  , 0  , 0  , 0  , 0  , 0  , 0  , 1  , 0  , 0  , 0  , 0  , 0  , 0  , 0  , 0  , 0  , 0  , 0  , 0  , 0  , 0  , 0  , 0  , 3  , 3  , 0  , 0  , 0  , 0  , 0  , 2  , 0  , 0  , 0  , 0  , 0  , 0  , 0  , 0  , 0  , 0  , 0  , 0  , 0  , 0  , 0  , 0 
 GCG   , 1  , 0  , 0  , 0  , 0  , 0  , 0  , 2  , 0  , 0  , 0  , 0  , 0  , 0  , 0  , 0  , 0  , 0  , 0  , 0  , 0  , 0  , 0  , 0  , 0  , 0  , 0  , 0  , 0  , 0  , 0  , 0  , 0  , 0  , 0  , 0  , 0  , 8  , 3  , 0  , 0  , 0  , 0  , 0  , 0  , 0  , 0  , 2  , 0  , 0  , 0  , 0  , 0  , 0  , 0  , 0  , 0  , 0  , 0  , 0  , 0  , 0  , 0 
 GCT   , 0  , 0  , 0  , 0  , 0  , 0  , 0  , 0  , 1  , 0  , 0  , 0  , 0  , 0  , 0  , 0  , 0  , 0  , 0  , 0  , 0  , 0  , 0  , 0  , 0  , 0  , 0  , 0  , 0  , 0  , 0  , 0  , 0  , 0  , 0  , 0  , 0  , 0  , 5  , 0  , 0  , 0  , 0  , 0  , 0  , 0  , 0  , 0  , 0  , 0  , 0  , 0  , 0  , 0  , 0  , 0  , 0  , 0  , 0  , 0  , 0  , 0  , 0 
 GGA   , 0  , 0  , 0  , 0  , 0  , 0  , 0  , 0  , 0  , 0  , 0  , 0  , 0  , 0  , 0  , 0  , 0  , 0  , 0  , 0  , 0  , 0  , 0  , 0  , 0  , 0  , 0  , 0  , 0  , 0  , 0  , 0  , 0  , 0  , 0  , 0  , 0  , 0  , 0  , 0  , 0  , 0  , 0  , 0  , 1  , 0  , 0  , 0  , 0  , 0  , 0  , 0  , 0  , 0  , 0  , 0  , 0  , 1  , 0  , 0  , 0  , 0  , 0 
 GGC   , 1  , 0  , 0  , 0  , 0  , 0  , 0  , 0  , 0  , 0  , 1  , 0  , 0  , 0  , 0  , 0  , 0  , 0  , 0  , 0  , 0  , 0  , 0  , 0  , 0  , 0  , 0  , 0  , 0  , 0  , 0  , 0  , 0  , 0  , 0  , 0  , 0  , 0  , 0  , 0  , 0  , 1  , 0  , 0  , 3  , 0  , 0  , 0  , 0  , 0  , 0  , 0  , 0  , 0  , 0  , 0  , 0  , 0  , 0  , 0  , 0  , 0  , 0 
 GGG   , 2  , 0  , 0  , 0  , 0  , 0  , 0  , 0  , 0  , 0  , 0  , 0  , 0  , 0  , 0  , 0  , 0  , 0  , 0  , 0  , 0  , 0  , 0  , 0  , 0  , 0  , 0  , 1  , 0  , 0  , 0  , 0  , 0  , 0  , 0  , 1  , 0  , 0  , 0  , 0  , 0  , 1  , 1  , 0  , 0  , 0  , 0  , 0  , 0  , 0  , 0  , 0  , 0  , 0  , 0  , 0  , 0  , 0  , 0  , 0  , 0  , 0  , 0 
 GGT   , 0  , 0  , 0  , 0  , 0  , 0  , 0  , 0  , 0  , 0  , 0  , 0  , 1  , 0  , 0  , 0  , 0  , 0  , 0  , 0  , 0  , 0  , 0  , 0  , 0  , 0  , 0  , 0  , 0  , 0  , 0  , 0  , 0  , 0  , 0  , 0  , 1  , 0  , 0  , 0  , 0  , 0  , 6  , 1  , 0  , 0  , 0  , 0  , 1  , 0  , 0  , 0  , 0  , 0  , 0  , 0  , 0  , 0  , 0  , 0  , 0  , 0  , 0 
 GTA   , 1  , 0  , 0  , 0  , 0  , 0  , 0  , 0  , 0  , 0  , 0  , 0  , 0  , 0  , 0  , 0  , 0  , 0  , 0  , 0  , 0  , 0  , 0  , 0  , 0  , 0  , 0  , 0  , 0  , 0  , 0  , 0  , 0  , 0  , 0  , 0  , 0  , 0  , 0  , 0  , 0  , 0  , 0  , 0  , 0  , 0  , 0  , 3  , 0  , 0  , 0  , 0  , 0  , 0  , 0  , 0  , 0  , 0  , 0  , 0  , 0  , 0  , 0 
 GTC   , 2  , 0  , 0  , 0  , 0  , 0  , 0  , 0  , 0  , 0  , 0  , 0  , 0  , 0  , 5  , 0  , 0  , 0  , 0  , 0  , 0  , 0  , 0  , 0  , 0  , 0  , 0  , 0  , 0  , 0  , 0  , 0  , 0  , 0  , 1  , 0  , 0  , 0  , 1  , 0  , 0  , 0  , 0  , 0  , 0  , 1  , 0  , 0  , 0  , 0  , 0  , 0  , 0  , 0  , 0  , 0  , 0  , 0  , 0  , 0  , 1  , 0  , 0 
 GTG   , 1  , 0  , 0  , 0  , 0  , 0  , 0  , 0  , 0  , 0  , 0  , 0  , 0  , 0  , 0  , 4  , 0  , 0  , 0  , 0  , 0  , 0  , 0  , 0  , 0  , 0  , 0  , 0  , 0  , 0  , 0  , 1  , 0  , 0  , 0  , 0  , 0  , 0  , 0  , 2  , 0  , 0  , 0  , 0  , 0  , 0  , 0  , 0  , 0  , 0  , 0  , 0  , 0  , 0  , 0  , 0  , 0  , 0  , 0  , 0  , 0  , 1  , 0 
 GTT   , 0  , 0  , 0  , 0  , 0  , 0  , 0  , 0  , 0  , 0  , 0  , 0  , 0  , 0  , 0  , 0  , 2  , 0  , 0  , 0  , 0  , 0  , 0  , 0  , 0  , 0  , 0  , 0  , 0  , 0  , 0  , 0  , 1  , 0  , 0  , 0  , 0  , 0  , 0  , 0  , 0  , 0  , 0  , 0  , 0  , 0  , 2  , 0  , 1  , 0  , 0  , 0  , 0  , 0  , 0  , 0  , 0  , 0  , 0  , 0  , 0  , 0  , 0 
 TAC   , 0  , 0  , 0  , 0  , 0  , 0  , 0  , 0  , 0  , 0  , 0  , 0  , 0  , 0  , 0  , 0  , 0  , 0  , 0  , 0  , 0  , 0  , 0  , 0  , 0  , 0  , 0  , 0  , 0  , 0  , 0  , 0  , 0  , 0  , 0  , 0  , 0  , 0  , 0  , 0  , 0  , 0  , 0  , 0  , 0  , 0  , 0  , 0  , 0  , 0  , 1  , 0  , 0  , 0  , 0  , 0  , 2  , 0  , 0  , 0  , 0  , 0  , 0 
 TAT   , 0  , 0  , 0  , 0  , 0  , 0  , 0  , 0  , 0  , 0  , 0  , 0  , 0  , 0  , 0  , 0  , 0  , 0  , 0  , 0  , 0  , 0  , 0  , 0  , 0  , 0  , 0  , 0  , 0  , 0  , 0  , 0  , 0  , 0  , 0  , 0  , 0  , 0  , 0  , 0  , 0  , 0  , 0  , 0  , 0  , 0  , 0  , 0  , 0  , 0  , 0  , 0  , 0  , 0  , 2  , 0  , 0  , 0  , 1  , 0  , 0  , 0  , 0 
 TCA   , 0  , 0  , 0  , 0  , 0  , 0  , 0  , 0  , 0  , 0  , 0  , 0  , 0  , 0  , 0  , 0  , 0  , 0  , 0  , 0  , 0  , 3  , 0  , 0  , 0  , 0  , 0  , 0  , 0  , 0  , 0  , 0  , 0  , 0  , 0  , 0  , 0  , 0  , 0  , 0  , 0  , 0  , 0  , 0  , 0  , 0  , 0  , 0  , 0  , 0  , 0  , 0  , 0  , 1  , 0  , 0  , 0  , 0  , 0  , 1  , 0  , 0  , 0 
 TCC   , 0  , 0  , 0  , 0  , 0  , 0  , 0  , 0  , 0  , 0  , 0  , 0  , 0  , 0  , 0  , 0  , 0  , 0  , 0  , 0  , 0  , 0  , 2  , 0  , 0  , 0  , 0  , 0  , 0  , 0  , 0  , 0  , 0  , 0  , 0  , 0  , 0  , 0  , 0  , 0  , 0  , 0  , 0  , 0  , 0  , 0  , 0  , 0  , 0  , 1  , 0  , 0  , 0  , 0  , 2  , 0  , 1  , 0  , 0  , 0  , 0  , 0  , 0 
 TCG   , 0  , 0  , 0  , 0  , 0  , 0  , 0  , 0  , 0  , 0  , 0  , 0  , 0  , 0  , 0  , 0  , 0  , 0  , 0  , 0  , 0  , 0  , 0  , 1  , 0  , 0  , 0  , 0  , 0  , 0  , 0  , 0  , 0  , 0  , 0  , 0  , 0  , 0  , 0  , 0  , 0  , 0  , 0  , 0  , 0  , 0  , 0  , 0  , 0  , 0  , 0  , 5  , 1  , 0  , 0  , 0  , 0  , 0  , 0  , 0  , 0  , 0  , 0 
 TCT   , 0  , 0  , 0  , 0  , 0  , 0  , 0  , 0  , 0  , 0  , 0  , 0  , 0  , 0  , 0  , 0  , 0  , 0  , 0  , 0  , 0  , 0  , 0  , 0  , 1  , 0  , 0  , 0  , 0  , 0  , 0  , 0  , 0  , 0  , 0  , 0  , 0  , 0  , 0  , 0  , 0  , 0  , 0  , 0  , 0  , 0  , 0  , 0  , 0  , 0  , 0  , 0  , 2  , 0  , 0  , 0  , 0  , 0  , 0  , 0  , 0  , 0  , 1 
 TGA   , 0  , 0  , 0  , 0  , 0  , 0  , 0  , 0  , 0  , 0  , 0  , 0  , 0  , 0  , 0  , 0  , 0  , 0  , 0  , 0  , 0  , 0  , 0  , 0  , 0  , 0  , 0  , 0  , 0  , 0  , 0  , 0  , 0  , 0  , 0  , 0  , 0  , 0  , 0  , 0  , 0  , 0  , 0  , 0  , 0  , 0  , 0  , 0  , 0  , 0  , 0  , 0  , 0  , 0  , 0  , 0  , 0  , 0  , 0  , 0  , 0  , 0  , 0 
 TGC   , 3  , 0  , 0  , 0  , 0  , 0  , 0  , 0  , 0  , 0  , 1  , 0  , 0  , 0  , 0  , 0  , 0  , 0  , 0  , 0  , 0  , 0  , 0  , 0  , 0  , 0  , 0  , 0  , 0  , 0  , 0  , 0  , 0  , 0  , 0  , 0  , 0  , 0  , 0  , 0  , 0  , 0  , 1  , 0  , 0  , 0  , 0  , 0  , 0  , 2  , 0  , 0  , 1  , 0  , 0  , 0  , 0  , 1  , 6  , 0  , 0  , 0  , 0 
 TGG   , 0  , 0  , 0  , 0  , 0  , 0  , 0  , 0  , 0  , 0  , 0  , 0  , 0  , 0  , 0  , 0  , 0  , 0  , 0  , 0  , 0  , 0  , 0  , 0  , 0  , 0  , 0  , 2  , 0  , 0  , 0  , 0  , 0  , 0  , 0  , 0  , 0  , 0  , 0  , 0  , 0  , 0  , 0  , 0  , 0  , 0  , 0  , 0  , 0  , 0  , 0  , 0  , 0  , 0  , 0  , 0  , 0  , 0  , 0  , 0  , 0  , 0  , 0 
 TGT   , 1  , 0  , 0  , 0  , 0  , 0  , 0  , 0  , 0  , 0  , 0  , 0  , 0  , 0  , 0  , 0  , 0  , 0  , 0  , 0  , 0  , 0  , 0  , 0  , 0  , 0  , 0  , 0  , 0  , 0  , 0  , 0  , 0  , 0  , 0  , 0  , 0  , 0  , 0  , 0  , 0  , 0  , 0  , 0  , 0  , 0  , 0  , 0  , 0  , 0  , 0  , 0  , 0  , 0  , 0  , 0  , 2  , 0  , 0  , 0  , 0  , 0  , 0 
 TTA   , 0  , 0  , 0  , 0  , 0  , 0  , 0  , 0  , 0  , 0  , 0  , 0  , 0  , 0  , 0  , 0  , 0  , 0  , 0  , 0  , 0  , 0  , 0  , 0  , 0  , 0  , 0  , 0  , 0  , 0  , 0  , 0  , 0  , 0  , 0  , 0  , 0  , 0  , 0  , 0  , 0  , 0  , 0  , 0  , 0  , 0  , 0  , 0  , 0  , 0  , 0  , 1  , 0  , 0  , 0  , 0  , 0  , 0  , 0  , 0  , 0  , 1  , 0 
 TTC   , 2  , 0  , 0  , 0  , 0  , 0  , 0  , 0  , 0  , 0  , 0  , 0  , 0  , 0  , 0  , 0  , 0  , 0  , 0  , 0  , 0  , 0  , 0  , 0  , 0  , 0  , 0  , 0  , 0  , 0  , 0  , 0  , 0  , 0  , 0  , 0  , 0  , 0  , 0  , 0  , 0  , 0  , 0  , 0  , 0  , 0  , 1  , 0  , 0  , 0  , 0  , 0  , 0  , 0  , 0  , 0  , 0  , 0  , 0  , 0  , 0  , 0  , 3 
 TTG   , 0  , 0  , 0  , 0  , 0  , 0  , 0  , 0  , 0  , 0  , 0  , 0  , 0  , 0  , 0  , 0  , 0  , 0  , 0  , 0  , 0  , 0  , 0  , 0  , 0  , 0  , 0  , 0  , 0  , 0  , 0  , 3  , 0  , 0  , 0  , 0  , 0  , 0  , 0  , 0  , 0  , 0  , 0  , 0  , 0  , 0  , 0  , 2  , 0  , 0  , 0  , 0  , 0  , 0  , 0  , 0  , 0  , 0  , 0  , 0  , 0  , 0  , 0 
 TTT   , 0  , 0  , 0  , 0  , 0  , 0  , 0  , 0  , 0  , 0  , 0  , 0  , 0  , 0  , 0  , 0  , 0  , 0  , 0  , 0  , 0  , 0  , 0  , 0  , 0  , 0  , 0  , 0  , 0  , 0  , 0  , 0  , 0  , 0  , 0  , 0  , 0  , 0  , 0  , 0  , 0  , 0  , 0  , 0  , 0  , 0  , 0  , 0  , 0  , 0  , 0  , 0  , 0  , 0  , 0  , 0  , 0  , 0  , 0  , 1  , 1  , 0  , 0 

# Amino acid change table

aa  , *  , -  , ?  , A  , C  , D  , E  , F  , G  , H  , I  , K  , L  , M  , N  , P  , Q  , R  , S  , T  , V  , W  , Y 
 * , 0 , 0 , 0 , 0 , 0 , 0 , 0 , 0 , 0 , 0 , 0 , 0 , 0 , 0 , 0 , 0 , 0 , 0 , 0 , 0 , 0 , 0 , 0 
 - , 1 , 0 , 6 , 3 , 1 , 1 , 2 , 1 , 4 , 1 , 0 , 0 , 2 , 0 , 1 , 2 , 0 , 2 , 2 , 1 , 1 , 0 , 0 
 ? , 0 , 0 , 0 , 0 , 0 , 0 , 0 , 0 , 0 , 0 , 0 , 0 , 0 , 0 , 0 , 0 , 0 , 0 , 0 , 0 , 0 , 0 , 0 
 A , 0 , 3 , 0 , 23 , 0 , 0 , 0 , 0 , 0 , 0 , 0 , 0 , 0 , 0 , 0 , 1 , 0 , 0 , 2 , 6 , 4 , 0 , 0 
 C , 0 , 4 , 0 , 0 , 8 , 0 , 0 , 0 , 1 , 0 , 0 , 0 , 0 , 0 , 0 , 0 , 0 , 0 , 2 , 0 , 0 , 1 , 2 
 D , 0 , 2 , 0 , 0 , 0 , 9 , 4 , 0 , 0 , 1 , 0 , 0 , 0 , 0 , 4 , 0 , 0 , 0 , 0 , 0 , 0 , 0 , 0 
 E , 0 , 1 , 0 , 1 , 0 , 2 , 4 , 0 , 0 , 0 , 0 , 0 , 0 , 0 , 0 , 0 , 0 , 0 , 0 , 0 , 0 , 0 , 0 
 F , 0 , 2 , 0 , 0 , 0 , 0 , 0 , 4 , 0 , 0 , 0 , 0 , 1 , 0 , 0 , 0 , 0 , 0 , 0 , 0 , 1 , 0 , 0 
 G , 0 , 3 , 0 , 0 , 0 , 1 , 1 , 0 , 14 , 0 , 0 , 0 , 0 , 0 , 0 , 0 , 0 , 1 , 2 , 0 , 1 , 1 , 0 
 H , 0 , 0 , 0 , 0 , 0 , 1 , 0 , 0 , 0 , 3 , 0 , 0 , 0 , 0 , 0 , 1 , 0 , 5 , 0 , 0 , 0 , 0 , 1 
 I , 0 , 0 , 0 , 0 , 0 , 0 , 0 , 1 , 0 , 0 , 5 , 0 , 0 , 0 , 0 , 0 , 0 , 0 , 0 , 2 , 2 , 0 , 0 
 K , 0 , 0 , 0 , 0 , 0 , 0 , 1 , 0 , 0 , 0 , 0 , 6 , 0 , 0 , 0 , 0 , 0 , 5 , 0 , 0 , 0 , 0 , 0 
 L , 0 , 0 , 0 , 0 , 0 , 0 , 0 , 0 , 0 , 1 , 0 , 0 , 17 , 1 , 0 , 6 , 0 , 0 , 1 , 0 , 2 , 0 , 0 
 M , 0 , 0 , 0 , 0 , 0 , 0 , 0 , 0 , 0 , 0 , 0 , 0 , 0 , 0 , 0 , 0 , 0 , 1 , 0 , 3 , 3 , 0 , 0 
 N , 0 , 0 , 0 , 0 , 0 , 3 , 0 , 0 , 0 , 0 , 0 , 0 , 0 , 0 , 5 , 0 , 0 , 0 , 1 , 0 , 0 , 0 , 0 
 P , 0 , 5 , 0 , 1 , 0 , 0 , 0 , 0 , 0 , 0 , 0 , 0 , 5 , 0 , 0 , 25 , 0 , 2 , 3 , 0 , 0 , 0 , 0 
 Q , 0 , 0 , 0 , 0 , 0 , 0 , 3 , 0 , 0 , 4 , 0 , 3 , 0 , 0 , 0 , 1 , 6 , 4 , 0 , 0 , 0 , 0 , 0 
 R , 0 , 2 , 0 , 0 , 6 , 0 , 0 , 0 , 1 , 2 , 0 , 0 , 0 , 0 , 0 , 1 , 3 , 7 , 1 , 1 , 0 , 2 , 0 
 S , 0 , 2 , 0 , 0 , 1 , 0 , 0 , 1 , 2 , 0 , 0 , 0 , 1 , 0 , 2 , 7 , 0 , 1 , 13 , 1 , 0 , 0 , 1 
 T , 0 , 0 , 0 , 8 , 0 , 0 , 0 , 0 , 0 , 0 , 1 , 0 , 0 , 1 , 0 , 4 , 0 , 0 , 1 , 13 , 0 , 0 , 0 
 V , 0 , 4 , 0 , 3 , 0 , 1 , 0 , 1 , 0 , 0 , 7 , 0 , 3 , 4 , 0 , 0 , 0 , 0 , 0 , 0 , 7 , 0 , 0 
 W , 0 , 0 , 0 , 0 , 0 , 0 , 0 , 0 , 0 , 0 , 0 , 0 , 0 , 0 , 0 , 0 , 0 , 2 , 0 , 0 , 0 , 0 , 0 
 Y , 0 , 0 , 0 , 0 , 3 , 0 , 0 , 0 , 0 , 0 , 0 , 0 , 0 , 0 , 0 , 0 , 0 , 0 , 2 , 0 , 0 , 0 , 1 

# Chromosome change table

21, Position,0,1000000,2000000,3000000,4000000,5000000,6000000,7000000,8000000,9000000,10000000,11000000,12000000,13000000,14000000,15000000,16000000,17000000,18000000,19000000,20000000,21000000,22000000,23000000,24000000,25000000,26000000,27000000,28000000,29000000,30000000,31000000,32000000,33000000,34000000,35000000,36000000,37000000,38000000,39000000,40000000,41000000,42000000,43000000,44000000,45000000,46000000,47000000,48000000
21,Count,0,0,0,0,0,0,0,0,0,39,83,147,0,0,76,143,12,8,12,55,1,0,37,0,0,2,28,35,26,4,75,39,37,109,108,74,28,87,122,27,128,56,114,262,144,233,330,335,15

