chromosome	start	end	gene	log2	depth	probes	weight	ci_lo	ci_hi	pi_lo	pi_hi
chr1	10500	121484934	-	0	0	804	535.57	0	0	0	0
chr1	142535934	249240121	-	0	0	698	465.856	0	0	0	0
chr2	10500	92325671	-	0	0	604	403.394	0	0	0	0
chr2	95326671	243188873	-	0	0	983	655.601	0	0	0	0
chr3	60500	90504354	-	0	0	603	401.663	0	0	0	0
chr3	93505354	197961930	-	0	0	696	464.412	0	0	0	0
chr4	10500	49659617	-	0	0	329	219.423	0	0	0	0
chr4	52660617	191043776	-	0	0	922	614.908	0	0	0	0
chr5	10500	46405141	-	0	0	309	206.043	0	0	0	0
chr5	49406141	180904760	-	0	0	876	583.961	0	0	0	0
chr6	60500	58779666	-	0	0	391	260.838	0	0	0	0
chr6	61880666	171054567	-	0	0	726	483.358	0	0	0	0
chr7	10500	58053831	-	0	0	386	257.651	0	0	0	0
chr7	61054831	159128163	-	0	0	650	432.978	0	0	0	0
chr8	10500	43838387	-	0	0	291	194.405	0	0	0	0
chr8	46839387	146303522	-	0	0	662	440.869	0	0	0	0
chr9	10500	47317179	-	0	0	307	205.581	0	0	0	0
chr9	65468179	141152931	-	0	0	491	328.402	0	0	0	0
chr10	60500	39154435	-	0	0	260	173.357	0	0	0	0
chr10	42355435	135524247	-	0	0	616	410.395	0	0	0	0
chr11	60500	51593705	-	0	0	340	227.52	0	0	0	0
chr11	54694705	134946016	-	0	0	533	355.445	0	0	0	0
chr12	60500	34856194	-	0	0	232	154.248	0	0	0	0
chr12	37857194	133841395	-	0	0	639	425.842	0	0	0	0
chr13	19020500	115109378	-	0	0	637	424.969	0	0	0	0
chr14	19000500	107289040	-	0	0	589	392.529	0	0	0	0
chr15	20000500	102520892	-	0	0	544	363.174	0	0	0	0
chr16	60500	35285301	-	0	0	233	155.711	0	0	0	0
chr16	46386301	90294253	-	0	0	292	194.987	0	0	0	0
chr17	500	22262506	-	0	0	147	98.0785	0	0	0	0
chr17	25263506	81194710	-	0	0	373	247.762	0	0	0	0
chr18	10500	15410398	-	0	0	103	68.4677	0	0	0	0
chr18	18511398	78016748	-	0	0	396	263.435	0	0	0	0
chr19	60500	24631282	-	0	0	164	108.561	0	0	0	0
chr19	27732282	59118483	-	0	0	209	139.543	0	0	0	0
chr20	60500	26319069	-	0	0	175	116.745	0	0	0	0
chr20	29420069	62965020	-	0	0	222	147.789	0	0	0	0
chr21	9411693	10897675	-	13.9846	16.4363	58	5.76298	10.0397	15.5852	-2.04824	18.8702
chr21	10898175	11187629	-	5.61637	61.7151	94	2.65151	1.31541	9.91285	-1.16002	17.7207
chr21	14338629	15516160	-	8.2694	12.556	183	7.86203	5.0091	10.4265	-3.38956	17.5255
chr21	15516660	15992272	-	2.85964	19.3751	159	4.33008	0.0630339	6.12668	-1.92291	14.9896
chr21	15992772	16341036	-	9.79762	11.0093	37	2.18187	1.0985	12.7067	-1.10725	15.0623
chr21	16341536	17114840	-	13.0329	2.58037	23	3.66768	9.58006	13.8401	-2.09809	14.6387
chr21	17115340	17252270	-	1.38186	22.6539	73	1.64861	-0.417666	3.75402	-2.04922	14.8096
chr21	17252770	19616620	-	11.9477	5.09301	114	12.0298	10.225	12.7922	-2.10768	15.7078
chr21	19617120	19776176	-	1.25713	22.8768	77	1.77253	-0.388514	3.23713	-1.81798	13.2776
chr21	19776676	22642699	-	13.9039	0.385138	25	12.8505	13.6001	14.1241	-0.908611	14.762
chr21	22643199	22911056	-	6.1504	12.3874	61	1.95244	2.34081	8.99036	-3.22154	15.4752
chr21	22911556	26945540	-	13.7439	0.921128	49	18.3355	13.3076	13.9943	-1.5632	14.8218
chr21	26946040	27425874	-	4.84542	24.2068	133	4.04595	1.01977	7.75546	-1.77218	15.3605
chr21	27426374	28208015	-	12.5614	6.07012	35	3.86413	8.03576	13.7677	-0.736778	15.0797
chr21	28208515	28338978	-	2.5695	32.2772	67	1.67991	-0.239077	6.9164	-1.23187	9.73649
chr21	28339478	30247955	-	13.5383	0.9655	31	8.80009	12.6496	13.9492	-1.52086	14.6159
chr21	30248455	30299716	-	5.33935	15.9487	15	0.475541	-0.896794	11.0097	-2.54283	13.63
chr21	30300216	30465245	-	0.0680474	31.3681	165	3.53148	-0.167406	1.1245	-1.81117	13.5065
chr21	30465745	33031320	-	8.68859	16.0029	367	16.2809	6.42036	10.2013	-1.16093	15.6671
chr21	33031820	33078888	-	-0.218332	32.8976	68	1.42541	-0.360286	-0.110467	-1.10486	0.624752
chr21	33079388	33640575	-	10.8829	14.0561	52	3.13492	3.12628	13.7043	-1.73337	16.3906
chr21	33641075	34186239	-	1.17163	39.4127	394	8.74515	0.119048	2.25204	-1.58612	15.6076
chr21	34186739	34613434	-	10.4009	13.866	42	2.54131	2.89608	12.7889	-1.22805	15.147
chr21	34613934	35288338	-	1.46426	36.2844	413	9.48947	0.26627	3.45948	-1.81699	15.9521
chr21	35288838	36265528	-	7.09921	21.8785	199	7.4865	3.86444	9.35533	-2.43895	15.4661
chr21	36266028	37407628	-	13.6165	1.49233	16	5.2021	11.6981	14.007	-0.457217	14.5914
chr21	37408128	38613192	-	3.62051	31.9394	483	13.0412	1.00595	5.48255	-2.60831	15.612
chr21	38613692	40546739	-	10.1045	12.9895	197	11.4688	7.17989	11.6712	-1.81533	15.443
chr21	40547239	40887675	-	1.80514	29.0002	193	4.62729	0.32352	3.52999	-1.98212	15.826
chr21	40888175	42538741	-	9.38705	14.8205	196	9.85838	6.53593	11.1544	-2.83081	15.6131
chr21	42539241	46958115	-	2.6236	45.7858	2036	51.8564	2.01435	3.98117	-2.03453	15.3853
chr21	46958615	47315338	-	13.7197	4.24448	10	1.69186	-0.0167028	14.7108	-0.385565	15.2262
chr21	47315838	48111423	-	0.891836	50.2661	614	14.0148	0.406531	2.96681	-1.00204	15.589
chr22	16050500	51244066	-	0	0	232	155.123	0	0	0	0
chrX	60500	58581512	-	0	0	389	257.463	0	0	0	0
chrX	61682512	155260060	-	0	0	622	414.23	0	0	0	0
chrY	10500	28818861	-	1	0	170	111.791	1	1	1	1
chrY	58819861	59363066	-	1	0	4	2.18834	1	1	1	1
