
# Summary table 

Name , Value
Genome , GRCh37.75 
Date , 2017-08-12 22:58
SnpEff_version , SnpEff 4.3i (build 2016-12-15 22:33), by Pablo Cingolani
Command_line_arguments , SnpEff  -i vcf -o vcf -csvStats /Sid/vsaveliev/dream_chr21_unpaired/work/freebayes/syn3-normal-effects-stats.csv -s /Sid/vsaveliev/dream_chr21_unpaired/work/freebayes/syn3-normal-effects-stats.html GRCh37.75 /Sid/vsaveliev/dream_chr21_unpaired/work/freebayes/syn3-normal.vcf.gz 
Warnings , 273 
Number_of_lines_in_input_file, 2911
Number_of_variants_before_filter, 2916
Number_of_not_variants , 0
Number_of_variants_processed , 2916
Number_of_known_variants <br>(i.e. non-empty ID) , 2878, 98.696845% 
Number_of_effects , 4395 
Genome_total_length ,32036512383 
Genome_effective_length ,48129895 
Change_rate , 16505 

# Change rate by chromosome

Chromosome , Length , Changes , Change_rate 
21 , 48129895 , 2916 , 16505

# Effects by impact

Type , Count , Percent 
HIGH , 44 , 1.001138% 
LOW , 243 , 5.52901% 
MODERATE , 192 , 4.368601% 
MODIFIER , 3916 , 89.101251% 

# Effects by functional class

Type , Count , Percent 
MISSENSE , 184 , 53.025937% 
SILENT , 163 , 46.974063% 

Missense_Silent_ratio, 1.128834

# Count by effects

Type , Count , Percent 
3_prime_UTR_variant , 206 , 4.655367% 
5_prime_UTR_premature_start_codon_gain_variant , 7 , 0.158192% 
5_prime_UTR_variant , 42 , 0.949153% 
TF_binding_site_variant , 5 , 0.112994% 
conservative_inframe_insertion , 1 , 0.022599% 
disruptive_inframe_deletion , 2 , 0.045198% 
disruptive_inframe_insertion , 1 , 0.022599% 
downstream_gene_variant , 436 , 9.853107% 
frameshift_variant , 6 , 0.135593% 
intergenic_region , 152 , 3.435028% 
intragenic_variant , 275 , 6.214689% 
intron_variant , 2253 , 50.915254% 
missense_variant , 184 , 4.158192% 
non_coding_transcript_exon_variant , 146 , 3.299435% 
non_coding_transcript_variant , 1 , 0.022599% 
sequence_feature , 48 , 1.084746% 
splice_donor_variant , 2 , 0.045198% 
splice_region_variant , 29 , 0.655367% 
structural_interaction_variant , 36 , 0.813559% 
synonymous_variant , 163 , 3.683616% 
upstream_gene_variant , 430 , 9.717514% 

# Count by genomic region

Type , Count , Percent 
DOWNSTREAM , 436 , 9.920364% 
EXON , 535 , 12.172924% 
INTERGENIC , 152 , 3.458476% 
INTRON , 2228 , 50.69397% 
MOTIF , 5 , 0.113766% 
SPLICE_SITE_DONOR , 2 , 0.045506% 
SPLICE_SITE_REGION , 28 , 0.637088% 
TRANSCRIPT , 324 , 7.372014% 
UPSTREAM , 430 , 9.783845% 
UTR_3_PRIME , 206 , 4.687144% 
UTR_5_PRIME , 49 , 1.114903% 

# Quality 

Values , 5,6,7,9,10,11,12,14,15,17,18,19,20,21,22,23,26,27,28,29,30,31,32,33,34,35,36,39,40,41,42,43,44,45,46,47,48,50,51,53,54,55,56,57,58,59,60,62,63,64,65,66,67,68,69,70,71,72,73,74,75,76,77,79,80,81,82,83,84,86,87,88,89,90,91,92,93,94,95,96,97,98,100,102,103,105,106,107,108,109,110,111,112,114,115,116,117,118,120,121,122,123,124,125,126,127,128,129,130,132,133,134,135,136,137,138,139,140,142,143,144,145,146,147,148,149,151,152,153,154,156,157,158,159,160,161,162,163,164,165,167,168,169,170,171,172,173,174,175,176,177,178,179,180,181,182,183,184,185,186,187,188,189,190,191,192,193,194,195,196,197,198,199,200,201,202,203,204,205,206,208,209,210,211,212,214,215,216,217,218,219,220,221,222,223,224,225,226,227,228,229,230,231,232,234,236,237,238,239,240,241,242,244,245,246,247,248,250,251,252,253,254,255,256,257,258,259,260,261,262,263,264,265,266,267,268,269,270,271,272,273,274,275,276,277,278,279,280,281,282,283,284,285,286,287,288,289,290,291,292,293,294,295,296,297,298,299,300,301,302,304,305,306,307,308,309,310,311,312,313,314,315,316,317,318,319,320,321,322,323,324,325,326,327,328,329,330,331,332,333,334,335,336,337,338,339,341,342,343,344,345,346,347,348,349,350,351,352,353,354,355,356,357,359,360,361,362,363,364,365,366,367,368,369,370,371,372,373,374,375,376,377,378,379,380,381,382,383,384,385,386,387,388,389,390,391,392,393,394,395,396,398,399,400,401,402,403,404,405,407,408,409,410,411,412,414,415,416,417,418,419,420,421,422,423,425,427,428,429,430,431,432,433,434,435,436,437,438,439,440,441,442,443,444,445,446,447,448,450,451,452,453,454,455,457,458,459,460,462,463,464,465,466,467,468,469,470,471,472,473,474,475,476,477,478,479,480,481,482,483,484,485,486,487,488,489,490,491,492,493,494,495,496,497,498,499,500,501,502,503,504,505,506,507,508,509,510,511,512,513,514,515,516,517,518,519,520,521,522,523,524,525,526,527,528,529,530,531,532,533,534,535,536,537,538,539,540,541,542,543,544,545,546,547,548,549,550,551,552,553,554,555,556,557,558,559,560,561,562,563,564,565,566,568,569,570,571,572,573,574,575,576,577,578,579,580,581,582,583,584,585,586,587,588,589,590,591,592,593,594,595,597,598,601,602,603,604,605,606,607,608,610,611,613,614,615,618,619,620,621,622,624,626,627,628,629,630,631,633,634,636,637,638,639,640,641,642,643,644,645,646,647,648,649,650,651,652,654,656,658,661,663,665,666,667,668,669,671,672,673,674,675,676,678,679,680,681,682,683,684,685,686,687,688,689,691,692,694,695,696,697,698,699,700,701,702,703,704,706,707,708,709,710,711,712,714,716,717,718,720,722,723,724,725,726,727,730,732,733,734,735,736,737,738,739,740,742,743,744,745,746,747,748,749,750,751,752,754,755,756,757,759,760,761,762,763,764,765,766,768,769,773,776,778,779,780,782,783,784,788,789,793,795,796,797,800,801,803,805,806,807,808,809,811,813,814,815,817,819,821,823,824,826,827,829,830,832,833,834,835,836,837,843,844,848,850,851,852,855,856,857,858,859,860,861,862,865,868,870,871,872,873,874,876,880,881,882,884,886,889,892,893,894,895,897,898,899,903,904,905,908,910,911,914,915,916,917,918,920,922,923,928,931,933,934,935,936,938,942,945,946,948,950,951,952,953,954,955,956,957,958,959,961,962,963,966,967,972,973,974,976,978,982,983,984,985,986,988,990,991,992,993,995,999,1001,1002,1005,1006,1007,1008,1010,1012,1013,1015,1017,1020,1021,1027,1028,1030,1039,1040,1041,1045,1046,1048,1049,1050,1051,1053,1056,1060,1061,1062,1064,1065,1070,1072,1077,1081,1082,1083,1084,1085,1086,1089,1090,1091,1092,1093,1097,1099,1103,1106,1107,1109,1110,1112,1115,1116,1117,1119,1120,1122,1123,1125,1127,1130,1131,1132,1133,1135,1136,1139,1140,1142,1145,1148,1149,1150,1151,1152,1153,1156,1159,1160,1162,1163,1164,1166,1168,1170,1171,1173,1178,1179,1181,1182,1183,1185,1187,1189,1191,1192,1193,1194,1195,1196,1199,1201,1202,1204,1207,1208,1209,1210,1211,1212,1213,1217,1218,1219,1220,1221,1222,1223,1225,1226,1227,1228,1229,1230,1231,1232,1236,1237,1240,1242,1243,1246,1251,1254,1257,1260,1263,1265,1267,1271,1272,1273,1275,1278,1279,1285,1286,1287,1290,1291,1292,1295,1297,1298,1300,1301,1302,1303,1305,1310,1311,1313,1314,1315,1318,1319,1321,1322,1323,1324,1326,1328,1331,1332,1333,1334,1336,1338,1339,1343,1345,1347,1348,1350,1351,1352,1357,1360,1361,1362,1364,1368,1369,1370,1372,1373,1375,1376,1377,1379,1381,1385,1386,1389,1390,1391,1393,1394,1395,1396,1397,1398,1399,1401,1402,1403,1405,1406,1407,1408,1409,1410,1411,1412,1413,1414,1415,1417,1420,1423,1424,1425,1426,1431,1434,1435,1438,1439,1440,1441,1442,1443,1444,1445,1446,1452,1454,1455,1459,1461,1464,1467,1468,1471,1474,1475,1476,1477,1479,1481,1482,1484,1486,1487,1488,1491,1497,1499,1502,1503,1504,1505,1507,1508,1511,1514,1515,1516,1519,1521,1527,1529,1530,1532,1533,1534,1535,1536,1538,1539,1541,1542,1544,1545,1546,1547,1548,1551,1552,1553,1554,1556,1557,1558,1565,1568,1569,1570,1572,1573,1575,1576,1579,1582,1587,1588,1590,1598,1600,1603,1604,1606,1608,1609,1610,1611,1612,1613,1615,1617,1618,1619,1621,1623,1624,1625,1627,1629,1632,1633,1637,1640,1642,1643,1644,1649,1650,1653,1655,1656,1659,1661,1662,1663,1665,1668,1669,1674,1675,1678,1681,1683,1689,1691,1692,1696,1705,1718,1719,1721,1725,1726,1727,1729,1732,1736,1738,1742,1747,1749,1750,1751,1754,1755,1757,1759,1760,1761,1764,1766,1767,1768,1769,1773,1774,1776,1778,1780,1787,1788,1790,1791,1793,1797,1800,1808,1809,1821,1826,1827,1830,1831,1834,1839,1841,1842,1844,1846,1848,1849,1851,1852,1864,1866,1872,1873,1875,1877,1880,1881,1887,1889,1890,1891,1894,1899,1901,1902,1904,1916,1924,1928,1930,1938,1942,1943,1945,1956,1957,1958,1963,1966,1986,1991,1994,2003,2004,2031,2033,2054,2077,2082,2089,2091,2092,2094,2099,2101,2104,2111,2122,2130,2133,2135,2155,2159,2190,2198,2212,2214,2230,2256,2267,2268,2299,2317,2322,2326,2331,2490,2549,2626,2633,2652,2659,2687,2884,3265,3472,3581,3687,3695,3809,5417,7586,8656
Count , 4,1,4,4,5,2,2,1,1,1,2,3,4,1,2,2,1,3,2,4,2,4,4,4,1,1,5,5,2,3,1,2,2,2,2,2,5,3,3,2,2,2,4,2,4,1,2,1,1,3,2,2,1,4,4,1,3,3,1,2,8,2,2,1,4,1,3,1,4,2,2,2,5,2,3,3,4,2,5,2,3,2,2,5,1,1,1,4,1,2,6,3,1,3,3,4,3,3,4,3,3,2,2,1,2,2,2,9,4,2,4,2,3,4,4,3,1,3,6,4,1,1,2,5,6,4,6,1,3,3,5,6,1,4,1,3,1,2,3,4,2,4,1,4,4,2,2,1,1,5,1,1,3,2,6,2,5,1,3,2,2,2,5,6,5,5,2,4,2,2,1,1,1,6,3,5,2,4,2,5,1,2,1,9,1,2,1,2,5,5,3,1,3,2,1,2,3,3,7,3,2,4,5,4,3,4,6,1,5,8,3,3,1,3,2,3,4,2,2,4,3,3,2,5,1,4,2,2,2,4,3,4,5,4,2,5,3,2,4,1,6,3,2,2,2,2,5,2,2,6,2,1,3,3,4,4,3,5,5,5,2,5,4,1,4,2,1,10,4,2,2,4,3,5,3,3,1,1,1,6,4,3,3,3,2,2,3,2,3,1,3,2,3,2,2,4,3,5,4,6,2,3,4,2,1,1,6,3,5,4,2,3,3,3,3,2,2,1,5,1,1,3,2,3,1,4,5,2,3,6,2,3,2,5,1,2,1,2,2,7,3,3,1,2,4,2,1,1,6,3,1,5,4,2,1,4,2,2,2,1,3,7,1,8,7,2,2,5,4,3,7,3,5,4,3,3,2,4,8,6,7,6,3,3,2,1,5,1,3,2,8,4,1,2,3,2,1,6,3,4,1,3,6,2,7,2,3,3,1,7,3,4,3,2,5,2,5,5,3,3,1,4,5,4,4,6,3,4,5,4,1,2,6,3,3,7,2,2,3,7,6,9,1,1,4,1,1,4,4,2,3,2,3,3,3,2,2,3,1,4,3,1,2,3,2,3,1,2,3,1,1,2,5,2,4,1,1,2,5,1,5,5,1,1,3,7,5,5,2,3,1,4,3,4,3,3,3,1,3,2,2,2,1,2,3,3,6,5,3,3,3,3,1,2,3,4,2,5,3,3,2,5,2,1,2,3,3,2,3,2,2,3,2,2,2,5,3,2,3,6,3,3,2,4,4,1,1,4,2,2,4,3,1,4,2,2,4,1,1,4,5,3,5,1,4,1,2,2,3,2,1,3,1,1,2,2,2,3,5,3,3,2,3,5,2,2,3,1,3,5,2,6,3,1,2,5,3,1,2,1,2,4,1,1,2,4,1,3,2,3,1,2,3,2,1,5,4,2,5,3,3,2,1,3,1,5,1,1,1,4,1,3,3,2,3,1,3,1,2,3,2,1,3,2,3,2,3,3,1,1,5,1,2,1,2,1,2,2,3,1,1,2,2,3,2,1,1,1,2,1,1,2,4,1,3,2,1,2,1,3,3,1,1,2,1,1,1,2,2,2,1,1,2,1,1,2,3,2,4,1,2,1,1,1,2,1,2,2,3,1,1,3,1,1,1,1,1,2,2,1,2,2,1,1,1,2,1,2,1,1,1,1,2,2,3,1,1,3,1,2,1,1,2,3,1,1,1,2,2,2,2,2,2,1,1,1,2,1,3,2,2,1,1,1,3,2,1,2,2,2,1,1,1,2,1,1,2,1,1,1,1,1,2,1,2,2,1,1,2,3,1,3,1,1,2,2,1,2,2,1,1,2,2,1,4,1,4,3,1,1,2,2,1,1,3,1,1,1,1,2,2,1,1,1,3,1,1,2,1,3,4,1,1,1,1,1,1,1,2,1,2,1,1,2,4,3,1,2,1,1,1,2,1,3,3,3,2,1,1,2,1,1,1,1,1,4,1,1,1,3,2,1,1,1,2,1,1,1,1,1,1,2,3,1,1,1,1,2,4,2,2,4,1,1,2,1,2,1,1,1,1,1,1,2,1,2,2,1,2,2,1,1,2,1,1,1,1,4,1,4,1,1,1,1,1,4,1,1,1,1,1,2,1,1,2,1,1,1,3,2,2,2,1,1,1,1,1,2,1,3,4,1,1,2,1,1,1,1,2,1,1,2,1,1,4,1,1,1,2,3,2,1,4,2,2,1,2,3,2,3,1,1,1,1,1,1,1,4,1,4,2,2,1,2,2,1,1,1,1,2,2,1,6,2,1,2,2,2,1,1,1,1,1,2,2,1,3,2,1,1,1,1,2,4,2,1,2,2,2,2,1,2,1,1,2,4,2,1,1,2,2,1,1,1,5,2,2,1,1,2,2,1,1,1,3,2,1,1,1,1,1,1,1,1,1,1,1,2,1,1,1,1,2,1,1,1,2,1,1,1,4,1,1,2,1,1,1,1,1,2,1,2,1,1,2,3,2,1,1,1,1,1,1,3,1,1,1,1,2,1,2,1,1,1,1,1,2,1,2,3,2,1,2,1,1,2,1,1,1,1,2,1,1,1,1,1,1,2,1,1,1,1,1,2,1,3,1,1,1,1,1,1,1,1,2,1,1,1,1,1,1,1,1,1,1,2,1,2,1,2,1,1,1,2,1,3,1,1,1,2,2,1,1,1,2,1,1,1,2,2,1,4,1,1,1,1,1,2,1,1,1,1,1,1,1,1,1,1,1,2,2,1,1,2,1,1,1,1,1,1,2,2,1,1,2,1,1,4,1,1,1,1,1,1,1,1,2,1,2,2,1,1,1,1,2,1,1,1,1,1,2,1,1,1,1,2,4,1,1,1,1,1,1,1,1,1,1,1,1,1,1,1,1,1,1,1,1,1,1,1,1,1,1,1,1,1,1,1,1,1,1,1,1,1,1,1,1,1,1,1,1,1,1,2,1,1,1,2,1,1,1,1,1,1,1,1,1,1,1,1,1,1,1,1,1,1,1,1,1,1,1,1,1,1

# InDel lengths

Values , 0,1,2,3,4,5,6,7,10,12,13,14
Count , 129,187,13,13,8,3,4,3,2,1,1,1

# Base changes

base  , A  , C  , G  , T 
 A  , 0  , 92  , 454  , 65 
 C  , 109  , 0  , 129  , 448 
 G  , 463  , 130  , 0  , 83 
 T  , 85  , 413  , 80  , 0 

# Ts/Tv summary

Transitions , 2461
Transversions , 1058
Ts_Tv_ratio , 2.326087

# Ts/Tv : All variants

Sample ,syn3-normal,Total
Transitions ,2461,2461
Transversions ,1058,1058
Ts/Tv ,2.326,2.326


# Ts/Tv : Known variants

Sample ,syn3-normal,Total
Transitions ,2449,2449
Transversions ,1041,1041
Ts/Tv ,2.353,2.353


# Allele frequency

# Allele frequency : All variants

Values , 50,100
Count , 1773,1138

# Allele Count

Values , 1,2
Count , 1773,1138

# Hom/Het table

Sample_names , syn3-normal
Reference , 0
Het , 1773
Hom , 1138
Missing , 0


# Codon change table
	
codons  , -  , AAA  , AAC  , AAG  , AAT  , ACA  , ACC  , ACG  , ACT  , AGA  , AGC  , AGG  , AGT  , ATA  , ATC  , ATG  , ATT  , CAA  , CAC  , CAG  , CAT  , CCA  , CCC  , CCG  , CCT  , CGA  , CGC  , CGG  , CGT  , CTA  , CTC  , CTG  , CTT  , GAA  , GAC  , GAG  , GAT  , GCA  , GCC  , GCG  , GCT  , GGA  , GGC  , GGG  , GGT  , GTA  , GTC  , GTG  , GTT  , TAC  , TAT  , TCA  , TCC  , TCG  , TCT  , TGC  , TGG  , TGT  , TTA  , TTC  , TTG  , TTT 
 -   , 0  , 0  , 0  , 0  , 1  , 0  , 0  , 0  , 1  , 0  , 0  , 0  , 0  , 0  , 0  , 0  , 0  , 0  , 0  , 0  , 0  , 0  , 0  , 0  , 0  , 0  , 0  , 0  , 0  , 0  , 0  , 0  , 0  , 0  , 0  , 1  , 0  , 0  , 0  , 0  , 0  , 0  , 0  , 0  , 0  , 0  , 0  , 0  , 0  , 0  , 0  , 0  , 0  , 0  , 0  , 0  , 0  , 0  , 0  , 0  , 0  , 0 
 AAA   , 0  , 0  , 0  , 3  , 0  , 0  , 0  , 0  , 0  , 4  , 0  , 0  , 0  , 0  , 0  , 0  , 0  , 0  , 0  , 0  , 0  , 0  , 0  , 0  , 0  , 0  , 0  , 0  , 0  , 0  , 0  , 0  , 0  , 1  , 0  , 0  , 0  , 0  , 0  , 0  , 0  , 0  , 0  , 0  , 0  , 0  , 0  , 0  , 0  , 0  , 0  , 0  , 0  , 0  , 0  , 0  , 0  , 0  , 0  , 0  , 0  , 0 
 AAC   , 0  , 0  , 0  , 0  , 2  , 0  , 0  , 0  , 0  , 0  , 0  , 0  , 0  , 0  , 0  , 0  , 0  , 0  , 0  , 0  , 0  , 0  , 0  , 0  , 0  , 0  , 0  , 0  , 0  , 0  , 0  , 0  , 0  , 0  , 2  , 0  , 0  , 0  , 0  , 0  , 0  , 0  , 0  , 0  , 0  , 0  , 0  , 0  , 0  , 0  , 0  , 0  , 0  , 0  , 0  , 0  , 0  , 0  , 0  , 0  , 0  , 0 
 AAG   , 0  , 3  , 0  , 0  , 0  , 0  , 0  , 0  , 0  , 0  , 0  , 1  , 0  , 0  , 0  , 0  , 0  , 0  , 0  , 0  , 0  , 0  , 0  , 0  , 0  , 0  , 0  , 0  , 0  , 0  , 0  , 0  , 0  , 0  , 0  , 0  , 0  , 0  , 0  , 0  , 0  , 0  , 0  , 0  , 0  , 0  , 0  , 0  , 0  , 0  , 0  , 0  , 0  , 0  , 0  , 0  , 0  , 0  , 0  , 0  , 0  , 0 
 AAT   , 0  , 0  , 3  , 0  , 0  , 0  , 0  , 0  , 0  , 0  , 0  , 0  , 1  , 0  , 0  , 0  , 0  , 0  , 0  , 0  , 0  , 0  , 0  , 0  , 0  , 0  , 0  , 0  , 0  , 0  , 0  , 0  , 0  , 0  , 0  , 0  , 1  , 0  , 0  , 0  , 0  , 0  , 0  , 0  , 0  , 0  , 0  , 0  , 0  , 0  , 0  , 0  , 0  , 0  , 0  , 0  , 0  , 0  , 0  , 0  , 0  , 0 
 ACA   , 0  , 0  , 0  , 0  , 0  , 0  , 0  , 4  , 0  , 0  , 0  , 0  , 0  , 0  , 0  , 0  , 0  , 0  , 0  , 0  , 0  , 0  , 0  , 0  , 0  , 0  , 0  , 0  , 0  , 0  , 0  , 0  , 0  , 0  , 0  , 0  , 0  , 2  , 0  , 0  , 0  , 0  , 0  , 0  , 0  , 0  , 0  , 0  , 0  , 0  , 0  , 0  , 0  , 0  , 0  , 0  , 0  , 0  , 0  , 0  , 0  , 0 
 ACC   , 0  , 0  , 0  , 0  , 0  , 0  , 0  , 1  , 1  , 0  , 0  , 0  , 0  , 0  , 1  , 0  , 0  , 0  , 0  , 0  , 0  , 0  , 3  , 0  , 0  , 0  , 0  , 0  , 0  , 0  , 0  , 0  , 0  , 0  , 0  , 0  , 0  , 0  , 2  , 0  , 0  , 0  , 0  , 0  , 0  , 0  , 0  , 0  , 0  , 0  , 0  , 0  , 1  , 0  , 0  , 0  , 0  , 0  , 0  , 0  , 0  , 0 
 ACG   , 0  , 0  , 0  , 0  , 0  , 5  , 0  , 0  , 0  , 0  , 0  , 0  , 0  , 0  , 0  , 1  , 0  , 0  , 0  , 0  , 0  , 0  , 0  , 0  , 0  , 0  , 0  , 0  , 0  , 0  , 0  , 0  , 0  , 0  , 0  , 0  , 0  , 0  , 0  , 2  , 0  , 0  , 0  , 0  , 0  , 0  , 0  , 0  , 0  , 0  , 0  , 0  , 0  , 0  , 0  , 0  , 0  , 0  , 0  , 0  , 0  , 0 
 ACT   , 0  , 0  , 0  , 0  , 0  , 0  , 2  , 0  , 0  , 0  , 0  , 0  , 0  , 0  , 0  , 0  , 0  , 0  , 0  , 0  , 0  , 0  , 0  , 0  , 1  , 0  , 0  , 0  , 0  , 0  , 0  , 0  , 0  , 0  , 0  , 0  , 0  , 0  , 0  , 0  , 1  , 0  , 0  , 0  , 0  , 0  , 0  , 0  , 0  , 0  , 0  , 0  , 0  , 0  , 0  , 0  , 0  , 0  , 0  , 0  , 0  , 0 
 AGA   , 1  , 0  , 0  , 0  , 0  , 1  , 0  , 0  , 0  , 0  , 0  , 0  , 1  , 0  , 0  , 0  , 0  , 0  , 0  , 0  , 0  , 0  , 0  , 0  , 0  , 0  , 0  , 0  , 0  , 0  , 0  , 0  , 0  , 0  , 0  , 0  , 0  , 0  , 0  , 0  , 0  , 0  , 0  , 0  , 0  , 0  , 0  , 0  , 0  , 0  , 0  , 0  , 0  , 0  , 0  , 0  , 0  , 0  , 0  , 0  , 0  , 0 
 AGC   , 1  , 0  , 2  , 0  , 0  , 0  , 0  , 0  , 0  , 0  , 0  , 1  , 1  , 0  , 0  , 0  , 0  , 0  , 0  , 0  , 0  , 0  , 0  , 0  , 0  , 0  , 0  , 0  , 0  , 0  , 0  , 0  , 0  , 0  , 0  , 0  , 0  , 0  , 0  , 0  , 0  , 0  , 2  , 0  , 0  , 0  , 0  , 0  , 0  , 0  , 0  , 0  , 0  , 0  , 0  , 0  , 0  , 0  , 0  , 0  , 0  , 0 
 AGG   , 0  , 0  , 0  , 0  , 0  , 0  , 0  , 0  , 0  , 4  , 0  , 0  , 0  , 0  , 0  , 0  , 0  , 0  , 0  , 0  , 0  , 0  , 0  , 0  , 0  , 0  , 0  , 0  , 0  , 0  , 0  , 0  , 0  , 0  , 0  , 0  , 0  , 0  , 0  , 0  , 0  , 0  , 0  , 0  , 0  , 0  , 0  , 0  , 0  , 0  , 0  , 0  , 0  , 0  , 0  , 0  , 0  , 0  , 0  , 0  , 0  , 0 
 AGT   , 0  , 0  , 0  , 0  , 0  , 0  , 0  , 0  , 1  , 0  , 2  , 0  , 0  , 0  , 0  , 0  , 0  , 0  , 0  , 0  , 0  , 0  , 0  , 0  , 0  , 0  , 0  , 0  , 0  , 0  , 0  , 0  , 0  , 0  , 0  , 0  , 0  , 0  , 0  , 0  , 0  , 0  , 0  , 0  , 1  , 0  , 0  , 0  , 0  , 0  , 0  , 0  , 0  , 0  , 0  , 0  , 0  , 0  , 0  , 0  , 0  , 0 
 ATA   , 0  , 0  , 0  , 0  , 0  , 0  , 0  , 0  , 0  , 0  , 0  , 0  , 0  , 0  , 0  , 0  , 0  , 0  , 0  , 0  , 0  , 0  , 0  , 0  , 0  , 0  , 0  , 0  , 0  , 0  , 0  , 0  , 0  , 0  , 0  , 0  , 0  , 0  , 0  , 0  , 0  , 0  , 0  , 0  , 0  , 1  , 0  , 0  , 0  , 0  , 0  , 0  , 0  , 0  , 0  , 0  , 0  , 0  , 0  , 0  , 0  , 0 
 ATC   , 0  , 0  , 0  , 0  , 0  , 0  , 1  , 0  , 0  , 0  , 0  , 0  , 0  , 0  , 0  , 0  , 2  , 0  , 0  , 0  , 0  , 0  , 0  , 0  , 0  , 0  , 0  , 0  , 0  , 0  , 0  , 0  , 0  , 0  , 0  , 0  , 0  , 0  , 0  , 0  , 0  , 0  , 0  , 0  , 0  , 0  , 1  , 0  , 0  , 0  , 0  , 0  , 0  , 0  , 0  , 0  , 0  , 0  , 0  , 1  , 0  , 0 
 ATG   , 0  , 0  , 0  , 0  , 0  , 0  , 0  , 3  , 0  , 0  , 0  , 1  , 0  , 0  , 0  , 0  , 0  , 0  , 0  , 0  , 0  , 0  , 0  , 0  , 0  , 0  , 0  , 0  , 0  , 0  , 0  , 0  , 0  , 0  , 0  , 0  , 0  , 0  , 0  , 0  , 0  , 0  , 0  , 0  , 0  , 0  , 0  , 2  , 0  , 0  , 0  , 0  , 0  , 0  , 0  , 0  , 0  , 0  , 0  , 0  , 0  , 0 
 ATT   , 0  , 0  , 0  , 0  , 0  , 0  , 0  , 0  , 1  , 0  , 0  , 0  , 0  , 0  , 3  , 0  , 0  , 0  , 0  , 0  , 0  , 0  , 0  , 0  , 0  , 0  , 0  , 0  , 0  , 0  , 0  , 0  , 0  , 0  , 0  , 0  , 0  , 0  , 0  , 0  , 0  , 0  , 0  , 0  , 0  , 0  , 0  , 0  , 0  , 0  , 0  , 0  , 0  , 0  , 0  , 0  , 0  , 0  , 0  , 0  , 0  , 0 
 CAA   , 0  , 2  , 0  , 0  , 0  , 0  , 0  , 0  , 0  , 0  , 0  , 0  , 0  , 0  , 0  , 0  , 0  , 0  , 0  , 3  , 2  , 0  , 0  , 0  , 0  , 3  , 0  , 0  , 0  , 0  , 0  , 0  , 0  , 1  , 0  , 0  , 0  , 0  , 0  , 0  , 0  , 0  , 0  , 0  , 0  , 0  , 0  , 0  , 0  , 0  , 0  , 0  , 0  , 0  , 0  , 0  , 0  , 0  , 0  , 0  , 0  , 0 
 CAC   , 0  , 0  , 0  , 0  , 0  , 0  , 0  , 0  , 0  , 0  , 0  , 0  , 0  , 0  , 0  , 0  , 0  , 0  , 0  , 0  , 1  , 0  , 1  , 0  , 0  , 0  , 4  , 0  , 0  , 0  , 0  , 0  , 0  , 0  , 1  , 0  , 0  , 0  , 0  , 0  , 0  , 0  , 0  , 0  , 0  , 0  , 0  , 0  , 0  , 1  , 0  , 0  , 0  , 0  , 0  , 0  , 0  , 0  , 0  , 0  , 0  , 0 
 CAG   , 0  , 0  , 0  , 1  , 0  , 0  , 0  , 0  , 0  , 0  , 0  , 0  , 0  , 0  , 0  , 0  , 0  , 3  , 2  , 0  , 0  , 0  , 0  , 1  , 0  , 0  , 0  , 1  , 0  , 0  , 0  , 0  , 0  , 0  , 0  , 2  , 0  , 0  , 0  , 0  , 0  , 0  , 0  , 0  , 0  , 0  , 0  , 0  , 0  , 0  , 0  , 0  , 0  , 0  , 0  , 0  , 0  , 0  , 0  , 0  , 0  , 0 
 CAT   , 0  , 0  , 0  , 0  , 0  , 0  , 0  , 0  , 0  , 0  , 0  , 0  , 0  , 0  , 0  , 0  , 0  , 0  , 2  , 0  , 0  , 0  , 0  , 0  , 0  , 0  , 0  , 0  , 1  , 0  , 0  , 0  , 0  , 0  , 0  , 0  , 0  , 0  , 0  , 0  , 0  , 0  , 0  , 0  , 0  , 0  , 0  , 0  , 0  , 0  , 0  , 0  , 0  , 0  , 0  , 0  , 0  , 0  , 0  , 0  , 0  , 0 
 CCA   , 2  , 0  , 0  , 0  , 0  , 0  , 0  , 0  , 0  , 0  , 0  , 0  , 0  , 0  , 0  , 0  , 0  , 0  , 0  , 0  , 0  , 0  , 0  , 6  , 0  , 1  , 0  , 0  , 0  , 0  , 0  , 0  , 0  , 0  , 0  , 0  , 0  , 1  , 0  , 0  , 0  , 0  , 0  , 0  , 0  , 0  , 0  , 0  , 0  , 0  , 0  , 0  , 0  , 0  , 0  , 0  , 0  , 0  , 0  , 0  , 0  , 0 
 CCC   , 0  , 0  , 0  , 0  , 0  , 0  , 0  , 0  , 0  , 0  , 0  , 0  , 0  , 0  , 0  , 0  , 0  , 0  , 0  , 0  , 0  , 2  , 0  , 1  , 2  , 0  , 1  , 0  , 0  , 0  , 1  , 0  , 0  , 0  , 0  , 0  , 0  , 0  , 0  , 0  , 0  , 0  , 0  , 0  , 0  , 0  , 0  , 0  , 0  , 0  , 0  , 0  , 2  , 0  , 0  , 0  , 0  , 0  , 0  , 0  , 0  , 0 
 CCG   , 1  , 0  , 0  , 0  , 0  , 0  , 0  , 0  , 0  , 0  , 0  , 0  , 0  , 0  , 0  , 0  , 0  , 0  , 0  , 0  , 0  , 3  , 1  , 0  , 1  , 0  , 0  , 0  , 0  , 0  , 0  , 5  , 0  , 0  , 0  , 0  , 0  , 0  , 0  , 0  , 0  , 0  , 0  , 0  , 0  , 0  , 0  , 0  , 0  , 0  , 0  , 0  , 0  , 0  , 0  , 0  , 0  , 0  , 0  , 0  , 0  , 0 
 CCT   , 0  , 0  , 0  , 0  , 0  , 0  , 0  , 0  , 0  , 0  , 0  , 0  , 0  , 0  , 0  , 0  , 0  , 0  , 0  , 0  , 0  , 1  , 6  , 0  , 0  , 0  , 0  , 0  , 0  , 0  , 0  , 0  , 0  , 0  , 0  , 0  , 0  , 0  , 0  , 0  , 0  , 0  , 0  , 0  , 0  , 0  , 0  , 0  , 0  , 0  , 0  , 0  , 0  , 0  , 1  , 0  , 0  , 0  , 0  , 0  , 0  , 0 
 CGA   , 0  , 0  , 0  , 0  , 0  , 0  , 0  , 0  , 0  , 0  , 0  , 0  , 0  , 0  , 0  , 0  , 0  , 0  , 0  , 0  , 0  , 0  , 0  , 0  , 0  , 0  , 0  , 0  , 0  , 0  , 0  , 0  , 0  , 0  , 0  , 0  , 0  , 0  , 0  , 0  , 0  , 0  , 0  , 0  , 0  , 0  , 0  , 0  , 0  , 0  , 0  , 0  , 0  , 0  , 0  , 0  , 0  , 0  , 0  , 0  , 0  , 0 
 CGC   , 0  , 0  , 0  , 0  , 0  , 0  , 0  , 0  , 0  , 0  , 0  , 0  , 0  , 0  , 0  , 0  , 0  , 0  , 1  , 0  , 0  , 0  , 0  , 0  , 0  , 0  , 0  , 0  , 0  , 0  , 0  , 0  , 0  , 0  , 0  , 0  , 0  , 0  , 0  , 0  , 0  , 0  , 0  , 0  , 0  , 0  , 0  , 0  , 0  , 0  , 0  , 0  , 0  , 0  , 0  , 4  , 0  , 0  , 0  , 0  , 0  , 0 
 CGG   , 0  , 0  , 0  , 0  , 0  , 0  , 0  , 0  , 0  , 0  , 0  , 0  , 0  , 0  , 0  , 0  , 0  , 0  , 0  , 2  , 0  , 0  , 0  , 1  , 0  , 0  , 0  , 0  , 0  , 0  , 0  , 0  , 0  , 0  , 0  , 0  , 0  , 0  , 0  , 0  , 0  , 0  , 0  , 1  , 0  , 0  , 0  , 0  , 0  , 0  , 0  , 0  , 0  , 0  , 0  , 0  , 2  , 0  , 0  , 0  , 0  , 0 
 CGT   , 0  , 0  , 0  , 0  , 0  , 0  , 0  , 0  , 0  , 0  , 0  , 0  , 0  , 0  , 0  , 0  , 0  , 0  , 0  , 0  , 1  , 0  , 0  , 0  , 0  , 0  , 2  , 0  , 0  , 0  , 0  , 0  , 0  , 0  , 0  , 0  , 0  , 0  , 0  , 0  , 0  , 0  , 0  , 0  , 0  , 0  , 0  , 0  , 0  , 0  , 0  , 0  , 0  , 0  , 0  , 0  , 0  , 2  , 0  , 0  , 0  , 0 
 CTA   , 0  , 0  , 0  , 0  , 0  , 0  , 0  , 0  , 0  , 0  , 0  , 0  , 0  , 0  , 0  , 0  , 0  , 0  , 0  , 0  , 0  , 2  , 0  , 0  , 0  , 0  , 0  , 0  , 0  , 0  , 0  , 0  , 0  , 0  , 0  , 0  , 0  , 0  , 0  , 0  , 0  , 0  , 0  , 0  , 0  , 0  , 0  , 0  , 0  , 0  , 0  , 0  , 0  , 0  , 0  , 0  , 0  , 0  , 0  , 0  , 0  , 0 
 CTC   , 0  , 0  , 0  , 0  , 0  , 0  , 0  , 0  , 0  , 0  , 0  , 0  , 0  , 0  , 0  , 0  , 0  , 0  , 0  , 0  , 0  , 0  , 0  , 0  , 0  , 0  , 0  , 0  , 0  , 0  , 0  , 1  , 1  , 0  , 0  , 0  , 0  , 0  , 0  , 0  , 0  , 0  , 0  , 0  , 0  , 0  , 0  , 0  , 0  , 0  , 0  , 0  , 0  , 0  , 0  , 0  , 0  , 0  , 0  , 0  , 0  , 0 
 CTG   , 0  , 0  , 0  , 0  , 0  , 0  , 0  , 0  , 0  , 0  , 0  , 0  , 0  , 0  , 0  , 1  , 0  , 0  , 0  , 0  , 0  , 0  , 0  , 5  , 0  , 0  , 0  , 0  , 0  , 4  , 3  , 0  , 2  , 0  , 0  , 0  , 0  , 0  , 0  , 0  , 0  , 0  , 0  , 0  , 0  , 0  , 0  , 0  , 0  , 0  , 0  , 0  , 0  , 0  , 0  , 0  , 0  , 0  , 0  , 0  , 0  , 0 
 CTT   , 0  , 0  , 0  , 0  , 0  , 0  , 0  , 0  , 0  , 0  , 0  , 0  , 0  , 0  , 0  , 0  , 0  , 0  , 0  , 0  , 1  , 0  , 0  , 0  , 0  , 0  , 0  , 0  , 0  , 0  , 2  , 0  , 0  , 0  , 0  , 0  , 0  , 0  , 0  , 0  , 0  , 0  , 0  , 0  , 0  , 0  , 0  , 0  , 0  , 0  , 0  , 0  , 0  , 0  , 0  , 0  , 0  , 0  , 0  , 0  , 0  , 0 
 GAA   , 0  , 0  , 0  , 0  , 0  , 0  , 0  , 0  , 0  , 0  , 0  , 0  , 0  , 0  , 0  , 0  , 0  , 0  , 0  , 0  , 0  , 0  , 0  , 0  , 0  , 0  , 0  , 0  , 0  , 0  , 0  , 0  , 0  , 0  , 0  , 0  , 0  , 0  , 0  , 0  , 0  , 0  , 0  , 0  , 0  , 0  , 0  , 0  , 0  , 0  , 0  , 0  , 0  , 0  , 0  , 0  , 0  , 0  , 0  , 0  , 0  , 0 
 GAC   , 0  , 0  , 3  , 0  , 0  , 0  , 0  , 0  , 0  , 0  , 0  , 0  , 0  , 0  , 0  , 0  , 0  , 0  , 1  , 0  , 0  , 0  , 0  , 0  , 0  , 0  , 0  , 0  , 0  , 0  , 0  , 0  , 0  , 2  , 0  , 1  , 6  , 0  , 0  , 0  , 0  , 0  , 0  , 0  , 0  , 0  , 0  , 0  , 0  , 0  , 0  , 0  , 0  , 0  , 0  , 0  , 0  , 0  , 0  , 0  , 0  , 0 
 GAG   , 0  , 0  , 0  , 0  , 0  , 0  , 0  , 0  , 0  , 0  , 0  , 0  , 0  , 0  , 0  , 0  , 0  , 0  , 0  , 0  , 0  , 0  , 0  , 0  , 0  , 0  , 0  , 0  , 0  , 0  , 0  , 0  , 0  , 4  , 1  , 0  , 1  , 0  , 0  , 1  , 0  , 0  , 0  , 0  , 0  , 0  , 0  , 0  , 0  , 0  , 0  , 0  , 0  , 0  , 0  , 0  , 0  , 0  , 0  , 0  , 0  , 0 
 GAT   , 0  , 0  , 0  , 0  , 1  , 0  , 0  , 0  , 0  , 0  , 0  , 0  , 0  , 0  , 0  , 0  , 0  , 0  , 0  , 0  , 0  , 0  , 0  , 0  , 0  , 0  , 0  , 0  , 0  , 0  , 0  , 0  , 0  , 1  , 2  , 1  , 0  , 0  , 0  , 0  , 1  , 0  , 0  , 0  , 0  , 0  , 0  , 0  , 0  , 0  , 1  , 0  , 0  , 0  , 0  , 0  , 0  , 0  , 0  , 0  , 0  , 0 
 GCA   , 0  , 0  , 0  , 0  , 0  , 1  , 0  , 0  , 0  , 0  , 0  , 0  , 0  , 0  , 0  , 0  , 0  , 0  , 0  , 0  , 0  , 0  , 0  , 0  , 0  , 0  , 0  , 0  , 0  , 0  , 0  , 0  , 0  , 0  , 0  , 0  , 0  , 0  , 1  , 0  , 0  , 0  , 0  , 0  , 0  , 0  , 0  , 0  , 0  , 0  , 0  , 1  , 0  , 0  , 0  , 0  , 0  , 0  , 0  , 0  , 0  , 0 
 GCC   , 1  , 0  , 0  , 0  , 0  , 0  , 2  , 0  , 0  , 0  , 1  , 0  , 0  , 0  , 0  , 0  , 0  , 0  , 0  , 0  , 0  , 0  , 1  , 0  , 0  , 0  , 0  , 0  , 0  , 0  , 0  , 0  , 0  , 0  , 0  , 0  , 0  , 0  , 0  , 3  , 3  , 0  , 0  , 0  , 0  , 0  , 2  , 0  , 0  , 0  , 0  , 0  , 0  , 0  , 0  , 0  , 0  , 0  , 0  , 0  , 0  , 0 
 GCG   , 0  , 0  , 0  , 0  , 0  , 0  , 0  , 2  , 0  , 0  , 0  , 0  , 0  , 0  , 0  , 0  , 0  , 0  , 0  , 0  , 0  , 0  , 0  , 0  , 0  , 0  , 0  , 0  , 0  , 0  , 0  , 0  , 0  , 0  , 0  , 0  , 0  , 8  , 2  , 0  , 0  , 0  , 0  , 0  , 0  , 0  , 0  , 2  , 0  , 0  , 0  , 0  , 0  , 0  , 0  , 0  , 0  , 0  , 0  , 0  , 0  , 0 
 GCT   , 0  , 0  , 0  , 0  , 0  , 0  , 0  , 0  , 1  , 0  , 0  , 0  , 0  , 0  , 0  , 0  , 0  , 0  , 0  , 0  , 0  , 0  , 0  , 0  , 0  , 0  , 0  , 0  , 0  , 0  , 0  , 0  , 0  , 0  , 0  , 0  , 0  , 0  , 5  , 0  , 0  , 0  , 0  , 0  , 0  , 0  , 0  , 0  , 0  , 0  , 0  , 0  , 0  , 0  , 0  , 0  , 0  , 0  , 0  , 0  , 0  , 0 
 GGA   , 0  , 0  , 0  , 0  , 0  , 0  , 0  , 0  , 0  , 0  , 0  , 0  , 0  , 0  , 0  , 0  , 0  , 0  , 0  , 0  , 0  , 0  , 0  , 0  , 0  , 0  , 0  , 0  , 0  , 0  , 0  , 0  , 0  , 0  , 0  , 0  , 0  , 0  , 0  , 0  , 0  , 0  , 0  , 0  , 1  , 0  , 0  , 0  , 0  , 0  , 0  , 0  , 0  , 0  , 0  , 0  , 1  , 0  , 0  , 0  , 0  , 0 
 GGC   , 1  , 0  , 0  , 0  , 0  , 0  , 0  , 0  , 0  , 0  , 1  , 0  , 0  , 0  , 0  , 0  , 0  , 0  , 0  , 0  , 0  , 0  , 0  , 0  , 0  , 0  , 0  , 0  , 0  , 0  , 0  , 0  , 0  , 0  , 0  , 0  , 0  , 0  , 0  , 0  , 0  , 1  , 0  , 0  , 3  , 0  , 0  , 0  , 0  , 0  , 0  , 0  , 0  , 0  , 0  , 0  , 0  , 0  , 0  , 0  , 0  , 0 
 GGG   , 0  , 0  , 0  , 0  , 0  , 0  , 0  , 0  , 0  , 0  , 0  , 0  , 0  , 0  , 0  , 0  , 0  , 0  , 0  , 0  , 0  , 0  , 0  , 0  , 0  , 0  , 0  , 1  , 0  , 0  , 0  , 0  , 0  , 0  , 0  , 1  , 0  , 0  , 0  , 0  , 0  , 1  , 1  , 0  , 0  , 0  , 0  , 0  , 0  , 0  , 0  , 0  , 0  , 0  , 0  , 0  , 0  , 0  , 0  , 0  , 0  , 0 
 GGT   , 0  , 0  , 0  , 0  , 0  , 0  , 0  , 0  , 0  , 0  , 0  , 0  , 1  , 0  , 0  , 0  , 0  , 0  , 0  , 0  , 0  , 0  , 0  , 0  , 0  , 0  , 0  , 0  , 0  , 0  , 0  , 0  , 0  , 0  , 0  , 0  , 1  , 0  , 0  , 0  , 0  , 0  , 6  , 1  , 0  , 0  , 0  , 0  , 1  , 0  , 0  , 0  , 0  , 0  , 0  , 0  , 0  , 0  , 0  , 0  , 0  , 0 
 GTA   , 0  , 0  , 0  , 0  , 0  , 0  , 0  , 0  , 0  , 0  , 0  , 0  , 0  , 0  , 0  , 0  , 0  , 0  , 0  , 0  , 0  , 0  , 0  , 0  , 0  , 0  , 0  , 0  , 0  , 0  , 0  , 0  , 0  , 0  , 0  , 0  , 0  , 0  , 0  , 0  , 0  , 0  , 0  , 0  , 0  , 0  , 0  , 3  , 0  , 0  , 0  , 0  , 0  , 0  , 0  , 0  , 0  , 0  , 0  , 0  , 0  , 0 
 GTC   , 0  , 0  , 0  , 0  , 0  , 0  , 0  , 0  , 0  , 0  , 0  , 0  , 0  , 0  , 5  , 0  , 0  , 0  , 0  , 0  , 0  , 0  , 0  , 0  , 0  , 0  , 0  , 0  , 0  , 0  , 0  , 0  , 0  , 0  , 2  , 0  , 0  , 0  , 1  , 0  , 0  , 0  , 0  , 0  , 0  , 1  , 0  , 0  , 0  , 0  , 0  , 0  , 0  , 0  , 0  , 0  , 0  , 0  , 0  , 1  , 0  , 0 
 GTG   , 0  , 0  , 0  , 0  , 0  , 0  , 0  , 0  , 0  , 0  , 0  , 0  , 0  , 0  , 0  , 4  , 0  , 0  , 0  , 0  , 0  , 0  , 0  , 0  , 0  , 0  , 0  , 0  , 0  , 0  , 0  , 1  , 0  , 0  , 0  , 0  , 0  , 0  , 0  , 2  , 0  , 0  , 0  , 0  , 0  , 0  , 0  , 0  , 0  , 0  , 0  , 0  , 0  , 0  , 0  , 0  , 0  , 0  , 0  , 0  , 1  , 0 
 GTT   , 0  , 0  , 0  , 0  , 0  , 0  , 0  , 0  , 0  , 0  , 0  , 0  , 0  , 0  , 0  , 0  , 2  , 0  , 0  , 0  , 0  , 0  , 0  , 0  , 0  , 0  , 0  , 0  , 0  , 0  , 0  , 0  , 1  , 0  , 0  , 0  , 0  , 0  , 0  , 0  , 0  , 0  , 0  , 0  , 0  , 0  , 2  , 0  , 1  , 0  , 0  , 0  , 0  , 0  , 0  , 0  , 0  , 0  , 0  , 0  , 0  , 0 
 TAC   , 0  , 0  , 0  , 0  , 0  , 0  , 0  , 0  , 0  , 0  , 0  , 0  , 0  , 0  , 0  , 0  , 0  , 0  , 0  , 0  , 0  , 0  , 0  , 0  , 0  , 0  , 0  , 0  , 0  , 0  , 0  , 0  , 0  , 0  , 0  , 0  , 0  , 0  , 0  , 0  , 0  , 0  , 0  , 0  , 0  , 0  , 0  , 0  , 0  , 0  , 1  , 0  , 0  , 0  , 0  , 2  , 0  , 0  , 0  , 0  , 0  , 0 
 TAT   , 0  , 0  , 0  , 0  , 0  , 0  , 0  , 0  , 0  , 0  , 0  , 0  , 0  , 0  , 0  , 0  , 0  , 0  , 0  , 0  , 0  , 0  , 0  , 0  , 0  , 0  , 0  , 0  , 0  , 0  , 0  , 0  , 0  , 0  , 0  , 0  , 0  , 0  , 0  , 0  , 0  , 0  , 0  , 0  , 0  , 0  , 0  , 0  , 0  , 0  , 0  , 0  , 0  , 0  , 2  , 0  , 0  , 1  , 0  , 0  , 0  , 0 
 TCA   , 0  , 0  , 0  , 0  , 0  , 0  , 0  , 0  , 0  , 0  , 0  , 0  , 0  , 0  , 0  , 0  , 0  , 0  , 0  , 0  , 0  , 3  , 0  , 0  , 0  , 0  , 0  , 0  , 0  , 0  , 0  , 0  , 0  , 0  , 0  , 0  , 0  , 0  , 0  , 0  , 0  , 0  , 0  , 0  , 0  , 0  , 0  , 0  , 0  , 0  , 0  , 0  , 0  , 1  , 0  , 0  , 0  , 0  , 1  , 0  , 0  , 0 
 TCC   , 0  , 0  , 0  , 0  , 0  , 0  , 0  , 0  , 0  , 0  , 0  , 0  , 0  , 0  , 0  , 0  , 0  , 0  , 0  , 0  , 0  , 0  , 2  , 0  , 0  , 0  , 0  , 0  , 0  , 0  , 0  , 0  , 0  , 0  , 0  , 0  , 0  , 0  , 0  , 0  , 0  , 0  , 0  , 0  , 0  , 0  , 0  , 0  , 0  , 1  , 0  , 0  , 0  , 0  , 2  , 2  , 0  , 0  , 0  , 0  , 0  , 0 
 TCG   , 0  , 0  , 0  , 0  , 0  , 0  , 0  , 0  , 0  , 0  , 0  , 0  , 0  , 0  , 0  , 0  , 0  , 0  , 0  , 0  , 0  , 0  , 0  , 1  , 0  , 0  , 0  , 0  , 0  , 0  , 0  , 0  , 0  , 0  , 0  , 0  , 0  , 0  , 0  , 0  , 0  , 0  , 0  , 0  , 0  , 0  , 0  , 0  , 0  , 0  , 0  , 5  , 1  , 0  , 0  , 0  , 0  , 0  , 0  , 0  , 0  , 0 
 TCT   , 0  , 0  , 0  , 0  , 0  , 0  , 0  , 0  , 0  , 0  , 0  , 0  , 0  , 0  , 0  , 0  , 0  , 0  , 0  , 0  , 0  , 0  , 0  , 0  , 1  , 0  , 0  , 0  , 0  , 0  , 0  , 0  , 0  , 0  , 0  , 0  , 0  , 0  , 0  , 0  , 0  , 0  , 0  , 0  , 0  , 0  , 0  , 0  , 0  , 0  , 0  , 0  , 2  , 0  , 0  , 0  , 0  , 0  , 0  , 0  , 0  , 1 
 TGC   , 2  , 0  , 0  , 0  , 0  , 0  , 0  , 0  , 0  , 0  , 1  , 0  , 0  , 0  , 0  , 0  , 0  , 0  , 0  , 0  , 0  , 0  , 0  , 0  , 0  , 0  , 0  , 0  , 0  , 0  , 0  , 0  , 0  , 0  , 0  , 0  , 0  , 0  , 0  , 0  , 0  , 0  , 1  , 0  , 0  , 0  , 0  , 0  , 0  , 2  , 0  , 0  , 1  , 0  , 0  , 0  , 1  , 6  , 0  , 0  , 0  , 0 
 TGG   , 0  , 0  , 0  , 0  , 0  , 0  , 0  , 0  , 0  , 0  , 0  , 0  , 0  , 0  , 0  , 0  , 0  , 0  , 0  , 0  , 0  , 0  , 0  , 0  , 0  , 0  , 0  , 2  , 0  , 0  , 0  , 0  , 0  , 0  , 0  , 0  , 0  , 0  , 0  , 0  , 0  , 0  , 0  , 0  , 0  , 0  , 0  , 0  , 0  , 0  , 0  , 0  , 0  , 0  , 0  , 0  , 0  , 0  , 0  , 0  , 0  , 0 
 TGT   , 0  , 0  , 0  , 0  , 0  , 0  , 0  , 0  , 0  , 0  , 0  , 0  , 0  , 0  , 0  , 0  , 0  , 0  , 0  , 0  , 0  , 0  , 0  , 0  , 0  , 0  , 0  , 0  , 0  , 0  , 0  , 0  , 0  , 0  , 0  , 0  , 0  , 0  , 0  , 0  , 0  , 0  , 0  , 0  , 0  , 0  , 0  , 0  , 0  , 0  , 0  , 0  , 0  , 0  , 0  , 3  , 0  , 0  , 0  , 0  , 0  , 0 
 TTA   , 0  , 0  , 0  , 0  , 0  , 0  , 0  , 0  , 0  , 0  , 0  , 0  , 0  , 0  , 0  , 0  , 0  , 0  , 0  , 0  , 0  , 0  , 0  , 0  , 0  , 0  , 0  , 0  , 0  , 0  , 0  , 0  , 0  , 0  , 0  , 0  , 0  , 0  , 0  , 0  , 0  , 0  , 0  , 0  , 0  , 0  , 0  , 0  , 0  , 0  , 0  , 1  , 0  , 0  , 0  , 0  , 0  , 0  , 0  , 0  , 1  , 0 
 TTC   , 2  , 0  , 0  , 0  , 0  , 0  , 0  , 0  , 0  , 0  , 0  , 0  , 0  , 0  , 0  , 0  , 0  , 0  , 0  , 0  , 0  , 0  , 0  , 0  , 0  , 0  , 0  , 0  , 0  , 0  , 0  , 0  , 0  , 0  , 0  , 0  , 0  , 0  , 0  , 0  , 0  , 0  , 0  , 0  , 0  , 0  , 1  , 0  , 0  , 0  , 0  , 0  , 0  , 0  , 0  , 0  , 0  , 0  , 0  , 0  , 0  , 3 
 TTG   , 0  , 0  , 0  , 0  , 0  , 0  , 0  , 0  , 0  , 0  , 0  , 0  , 0  , 0  , 0  , 0  , 0  , 0  , 0  , 0  , 0  , 0  , 0  , 0  , 0  , 0  , 0  , 0  , 0  , 0  , 0  , 3  , 0  , 0  , 0  , 0  , 0  , 0  , 0  , 0  , 0  , 0  , 0  , 0  , 0  , 0  , 0  , 2  , 0  , 0  , 0  , 0  , 0  , 0  , 0  , 0  , 0  , 0  , 0  , 0  , 0  , 0 
 TTT   , 0  , 0  , 0  , 0  , 0  , 0  , 0  , 0  , 0  , 0  , 0  , 0  , 0  , 0  , 0  , 0  , 0  , 0  , 0  , 0  , 0  , 0  , 0  , 0  , 0  , 0  , 0  , 0  , 0  , 0  , 0  , 0  , 0  , 0  , 0  , 0  , 0  , 0  , 0  , 0  , 0  , 0  , 0  , 0  , 0  , 0  , 0  , 0  , 0  , 0  , 0  , 0  , 0  , 0  , 0  , 0  , 0  , 0  , 1  , 1  , 0  , 0 

# Amino acid change table

aa  , -  , ?  , A  , C  , D  , E  , F  , G  , H  , I  , K  , L  , M  , N  , P  , Q  , R  , S  , T  , V  , W  , Y 
 - , 0 , 3 , 0 , 0 , 0 , 1 , 0 , 0 , 0 , 0 , 0 , 0 , 0 , 1 , 0 , 0 , 0 , 0 , 1 , 0 , 0 , 0 
 ? , 0 , 0 , 0 , 0 , 0 , 0 , 0 , 0 , 0 , 0 , 0 , 0 , 0 , 0 , 0 , 0 , 0 , 0 , 0 , 0 , 0 , 0 
 A , 1 , 0 , 22 , 0 , 0 , 0 , 0 , 0 , 0 , 0 , 0 , 0 , 0 , 0 , 1 , 0 , 0 , 2 , 6 , 4 , 0 , 0 
 C , 2 , 0 , 0 , 9 , 0 , 0 , 0 , 1 , 0 , 0 , 0 , 0 , 0 , 0 , 0 , 0 , 0 , 2 , 0 , 0 , 1 , 2 
 D , 0 , 0 , 1 , 0 , 8 , 5 , 0 , 0 , 1 , 0 , 0 , 0 , 0 , 4 , 0 , 0 , 0 , 0 , 0 , 0 , 0 , 1 
 E , 0 , 0 , 1 , 0 , 2 , 4 , 0 , 0 , 0 , 0 , 0 , 0 , 0 , 0 , 0 , 0 , 0 , 0 , 0 , 0 , 0 , 0 
 F , 2 , 0 , 0 , 0 , 0 , 0 , 4 , 0 , 0 , 0 , 0 , 1 , 0 , 0 , 0 , 0 , 0 , 0 , 0 , 1 , 0 , 0 
 G , 1 , 0 , 0 , 0 , 1 , 1 , 0 , 14 , 0 , 0 , 0 , 0 , 0 , 0 , 0 , 0 , 1 , 2 , 0 , 1 , 1 , 0 
 H , 0 , 0 , 0 , 0 , 1 , 0 , 0 , 0 , 3 , 0 , 0 , 0 , 0 , 0 , 1 , 0 , 5 , 0 , 0 , 0 , 0 , 1 
 I , 0 , 0 , 0 , 0 , 0 , 0 , 1 , 0 , 0 , 5 , 0 , 0 , 0 , 0 , 0 , 0 , 0 , 0 , 2 , 2 , 0 , 0 
 K , 0 , 0 , 0 , 0 , 0 , 1 , 0 , 0 , 0 , 0 , 6 , 0 , 0 , 0 , 0 , 0 , 5 , 0 , 0 , 0 , 0 , 0 
 L , 0 , 0 , 0 , 0 , 0 , 0 , 0 , 0 , 1 , 0 , 0 , 17 , 1 , 0 , 7 , 0 , 0 , 1 , 0 , 2 , 0 , 0 
 M , 0 , 0 , 0 , 0 , 0 , 0 , 0 , 0 , 0 , 0 , 0 , 0 , 0 , 0 , 0 , 0 , 1 , 0 , 3 , 2 , 0 , 0 
 N , 0 , 0 , 0 , 0 , 3 , 0 , 0 , 0 , 0 , 0 , 0 , 0 , 0 , 5 , 0 , 0 , 0 , 1 , 0 , 0 , 0 , 0 
 P , 3 , 0 , 1 , 0 , 0 , 0 , 0 , 0 , 0 , 0 , 0 , 6 , 0 , 0 , 23 , 0 , 2 , 3 , 0 , 0 , 0 , 0 
 Q , 0 , 0 , 0 , 0 , 0 , 3 , 0 , 0 , 4 , 0 , 3 , 0 , 0 , 0 , 1 , 6 , 4 , 0 , 0 , 0 , 0 , 0 
 R , 1 , 0 , 0 , 6 , 0 , 0 , 0 , 1 , 2 , 0 , 0 , 0 , 0 , 0 , 1 , 2 , 6 , 1 , 1 , 0 , 2 , 0 
 S , 1 , 0 , 0 , 2 , 0 , 0 , 1 , 3 , 0 , 0 , 0 , 1 , 0 , 2 , 7 , 0 , 1 , 14 , 1 , 0 , 0 , 1 
 T , 0 , 0 , 7 , 0 , 0 , 0 , 0 , 0 , 0 , 1 , 0 , 0 , 1 , 0 , 4 , 0 , 0 , 1 , 13 , 0 , 0 , 0 
 V , 0 , 0 , 3 , 0 , 2 , 0 , 1 , 0 , 0 , 7 , 0 , 3 , 4 , 0 , 0 , 0 , 0 , 0 , 0 , 7 , 0 , 0 
 W , 0 , 0 , 0 , 0 , 0 , 0 , 0 , 0 , 0 , 0 , 0 , 0 , 0 , 0 , 0 , 0 , 2 , 0 , 0 , 0 , 0 , 0 
 Y , 0 , 0 , 0 , 3 , 0 , 0 , 0 , 0 , 0 , 0 , 0 , 0 , 0 , 0 , 0 , 0 , 0 , 2 , 0 , 0 , 0 , 1 

# Chromosome change table

21, Position,0,1000000,2000000,3000000,4000000,5000000,6000000,7000000,8000000,9000000,10000000,11000000,12000000,13000000,14000000,15000000,16000000,17000000,18000000,19000000,20000000,21000000,22000000,23000000,24000000,25000000,26000000,27000000,28000000,29000000,30000000,31000000,32000000,33000000,34000000,35000000,36000000,37000000,38000000,39000000,40000000,41000000,42000000,43000000,44000000,45000000,46000000,47000000,48000000
21,Count,0,0,0,0,0,0,0,0,0,30,51,100,0,0,48,133,12,7,12,51,1,0,37,0,0,2,27,34,24,4,76,43,36,105,106,73,26,85,124,27,125,56,110,274,146,238,337,342,14

