# This file was produced by samtools stats (1.5+htslib-1.5) and can be plotted using plot-bamstats
# This file contains statistics for all reads.
# The command line was:  stats /Sid/vsaveliev/dream_chr21_paired/work/prealign/syn3-normal/syn3-normal-dedup.bam
# CHK, Checksum	[2]Read Names	[3]Sequences	[4]Qualities
# CHK, CRC32 of reads which passed filtering followed by addition (32bit overflow)
CHK	c6ad6f69	c28565f6	d55928b1
# Summary Numbers. Use `grep ^SN | cut -f 2-` to extract this part.
SN	raw total sequences:	1171868
SN	filtered sequences:	0
SN	sequences:	1171868
SN	is sorted:	1
SN	1st fragments:	586106
SN	last fragments:	585762
SN	reads mapped:	1154385
SN	reads mapped and paired:	1136902	# paired-end technology bit set + both mates mapped
SN	reads unmapped:	17483
SN	reads properly paired:	1014472	# proper-pair bit set
SN	reads paired:	1171868	# paired-end technology bit set
SN	reads duplicated:	57471	# PCR or optical duplicate bit set
SN	reads MQ0:	13935	# mapped and MQ=0
SN	reads QC failed:	0
SN	non-primary alignments:	2858
SN	total length:	118358668	# ignores clipping
SN	bases mapped:	116592885	# ignores clipping
SN	bases mapped (cigar):	115076815	# more accurate
SN	bases trimmed:	0
SN	bases duplicated:	5804571
SN	mismatches:	1003683	# from NM fields
SN	error rate:	8.721853e-03	# mismatches / bases mapped (cigar)
SN	average length:	101
SN	maximum length:	101
SN	average quality:	29.4
SN	insert size average:	334.1
SN	insert size standard deviation:	48.2
SN	inward oriented pairs:	556295
SN	outward oriented pairs:	829
SN	pairs with other orientation:	802
SN	pairs on different chromosomes:	9147
# First Fragment Qualitites. Use `grep ^FFQ | cut -f 2-` to extract this part.
# Columns correspond to qualities and rows to cycles. First column is the cycle number.
FFQ	1	0	0	10766	0	0	0	0	0	234	1629	1631	0	1959	301	1435	93	1202	176	276	3090	114	2409	652	1252	1275	6560	7404	9918	10996	20188	30101	171245	85380	215820	0	0	0	0	0	0	0	0
FFQ	2	0	0	10229	49	22	82	111	250	240	360	439	489	363	519	641	499	636	661	687	522	827	762	1888	2637	3461	13197	4484	6292	11116	14576	69547	127585	86118	193789	33028	0	0	0	0	0	0	0
FFQ	3	0	0	10219	24	30	155	19	93	256	385	534	479	532	390	376	243	153	419	580	388	1345	1565	2054	2538	2029	5443	11377	7386	11016	11489	48401	55846	129358	72633	187372	20979	0	0	0	0	0	0
FFQ	4	0	445	10905	244	451	376	679	536	859	726	918	869	853	1083	1786	1762	1670	1388	2371	2152	3519	5316	3532	6880	7030	5286	9831	20872	11103	22934	32466	19289	99684	69231	149692	89357	11	0	0	0	0	0
FFQ	5	0	34	12013	67	205	242	218	273	584	685	784	526	1120	700	912	969	735	1338	812	1306	1026	2219	1890	2376	3505	4106	6820	14032	4640	13142	30806	39249	102451	70368	128704	137249	0	0	0	0	0	0
FFQ	6	0	150	12869	135	262	358	346	508	448	852	678	578	1270	870	791	554	568	706	931	1027	1112	1212	1636	2410	1872	3916	4059	14908	5271	6618	17300	43498	70725	101711	83236	190067	12654	0	0	0	0	0
FFQ	7	0	331	14077	278	347	637	432	480	740	826	1077	995	1062	968	1117	1028	879	1707	1728	1430	2239	1683	2341	2638	4073	6124	7768	16703	3639	13887	19392	38410	81495	96574	78161	180840	0	0	0	0	0	0
FFQ	8	0	408	14649	705	413	761	612	880	964	1293	1388	1451	876	782	581	598	1290	2063	1526	1444	2900	4421	2141	2248	2961	3789	6896	17109	6228	11876	15794	35300	71655	93281	88309	172630	15884	0	0	0	0	0
FFQ	9	0	556	15444	191	402	544	329	719	510	1050	1147	817	1099	823	560	592	883	1492	1746	1504	1357	1497	1517	2658	4548	4147	4482	13141	7044	7861	16505	28148	81646	97864	102455	180202	626	0	0	0	0	0
FFQ	10	0	92	15663	141	149	227	265	453	828	785	918	738	1095	800	411	326	460	1060	722	923	708	1527	1830	2414	2792	2109	3801	15416	4706	7463	10910	29789	72402	110075	91357	197067	5684	0	0	0	0	0
FFQ	11	0	76	16193	44	44	176	254	359	262	870	752	769	1041	796	543	316	455	674	903	691	902	920	1256	2224	2509	3043	3432	14351	4360	5584	12251	29497	66954	117625	87247	201879	6844	3	4	3	0	0
FFQ	12	0	96	16599	48	75	145	253	263	327	652	601	919	914	718	566	251	548	655	1033	878	1135	968	1575	1664	2097	3065	4395	14455	5252	6882	13391	30838	57381	125655	79202	193510	19097	3	0	0	0	0
FFQ	13	0	2014	18022	1389	899	788	580	498	586	1082	651	729	1922	1311	1203	1126	1289	2647	3096	1432	1664	2206	4385	2560	5594	8570	3279	14939	7685	5756	26851	34085	47407	130957	77464	158525	12915	0	0	0	0	0
FFQ	14	0	73	17590	24	118	170	146	336	218	714	999	776	985	839	434	416	334	691	1229	932	774	1106	1402	2038	2784	2686	4870	13778	5843	7975	14147	24763	51992	118801	131527	157648	16948	0	0	0	0	0
FFQ	15	0	86	18066	69	65	265	155	290	383	805	658	720	1006	802	549	418	355	606	817	964	912	788	1289	1922	2882	2825	4750	12867	4284	6158	10743	19957	52718	116670	139620	162844	17798	0	0	0	0	0
FFQ	16	0	312	18799	401	448	710	631	865	771	1012	830	863	1236	690	1727	1279	1032	1052	1518	2974	3358	2027	3258	2294	5012	6065	5379	15964	6120	10541	16046	18355	56188	106973	130319	146084	14973	0	0	0	0	0
FFQ	17	0	72	18911	118	114	240	293	298	442	760	937	744	860	669	534	633	1034	1036	929	960	1016	1060	1394	1741	2563	3407	5708	13413	4669	6997	13619	20906	49474	115668	126288	167923	20676	0	0	0	0	0
FFQ	18	0	64	19400	66	104	125	211	257	337	686	823	687	866	874	528	433	624	515	845	1063	850	1031	1324	2240	2777	2597	4414	13361	5387	7053	10314	19362	53403	116401	122715	162134	32235	0	0	0	0	0
FFQ	19	0	80	19862	54	55	124	248	166	430	666	664	754	899	809	638	441	319	523	643	1000	890	1323	1179	2594	2316	2734	4531	13708	4090	5678	11155	19710	47565	117412	117038	174147	31661	0	0	0	0	0
FFQ	20	0	61	20303	75	35	156	238	155	401	684	685	666	945	783	641	359	396	474	788	980	1060	1326	1412	2143	2339	3036	4353	13815	3822	5543	11610	18696	47904	117641	119190	168121	35270	0	0	0	0	0
FFQ	21	0	84	20784	68	123	151	348	284	551	735	574	774	757	765	1043	654	451	742	705	906	1364	1061	1527	2637	2924	2884	4298	13832	5494	6564	11239	18763	48527	116374	107213	168802	42104	0	0	0	0	0
FFQ	22	0	76	21277	29	85	233	153	327	720	502	709	900	732	678	704	568	824	1080	830	878	993	1424	1390	1901	2609	2950	4680	13434	4039	6943	12658	20353	47033	112103	115365	161032	45894	0	0	0	0	0
FFQ	23	0	76	21800	12	88	140	278	152	473	669	512	853	882	764	675	344	451	581	735	1032	1167	1200	1598	2154	2668	2715	4594	13227	4240	6008	11374	20226	47873	110674	105969	171273	48629	0	0	0	0	0
FFQ	24	0	100	22243	21	184	140	252	185	696	606	768	1032	825	752	596	429	365	811	1197	1041	1690	1299	1648	2466	2172	2962	4653	13608	4205	7371	12367	21298	46942	112486	106159	163225	49312	0	0	0	0	0
FFQ	25	0	30	22812	12	79	161	224	182	427	712	489	816	822	779	680	379	433	495	767	1076	1363	1344	1397	2033	3078	2531	4254	13723	3949	6229	12251	18286	47429	106010	109426	172276	49152	0	0	0	0	0
FFQ	26	0	267	23463	308	354	548	393	449	1044	841	1020	974	1102	712	776	812	1168	1192	978	1598	1363	2011	3445	3650	3250	3003	5115	14478	5551	7580	12276	21950	45878	103856	98716	168771	47214	0	0	0	0	0
FFQ	27	0	106	23850	66	83	273	239	321	698	638	986	852	831	765	609	636	707	803	528	968	1244	1654	1960	1933	3321	2147	4281	12395	5945	7749	12553	19012	44067	109521	96882	177033	50450	0	0	0	0	0
FFQ	28	0	163	24461	208	315	304	348	405	735	709	997	1194	1165	789	546	761	773	1035	1335	1270	1444	2196	1735	3597	4221	3851	4084	13334	5954	8657	10877	21183	40881	106995	96393	173431	49760	0	0	0	0	0
FFQ	29	0	169	25017	216	325	214	444	390	756	900	1031	1340	937	840	663	587	1043	1260	1248	1560	1602	1941	2086	4541	3948	3176	5053	14754	7108	7959	13655	22890	46493	101615	98685	164909	46751	0	0	0	0	0
FFQ	30	0	24	25581	12	109	236	238	185	807	684	781	1043	746	819	534	476	476	681	549	1169	1313	1828	1816	2266	2219	2560	3928	12456	5935	7098	10420	21206	44581	105529	97458	173075	57268	0	0	0	0	0
FFQ	31	0	12	26202	17	104	259	210	188	839	654	813	895	861	879	462	585	773	799	835	1082	1069	1853	1782	2108	2820	3332	3599	12366	6752	8037	11230	22570	41837	108111	101136	169329	51706	0	0	0	0	0
FFQ	32	0	16	26856	66	66	154	308	214	775	589	861	911	777	973	536	555	439	725	547	1134	1084	1915	1826	2327	2324	2532	3766	13780	4773	6076	11924	22552	45441	105803	101966	171314	50201	0	0	0	0	0
FFQ	33	0	17	27464	18	130	191	284	132	832	570	793	873	775	891	569	602	425	821	547	973	1305	1731	2031	2054	2339	2605	4352	13325	4445	7155	12834	22270	43880	105408	101539	169436	52490	0	0	0	0	0
FFQ	34	0	121	28012	50	118	252	236	238	777	655	943	830	889	714	491	599	681	754	1151	1385	1485	1779	2197	2321	2332	3536	5994	12616	6400	10307	15757	23650	43645	104772	101420	159264	49735	0	0	0	0	0
FFQ	35	0	20	28818	43	213	234	369	294	715	766	830	870	737	872	594	564	774	1067	855	1144	1632	2109	2066	2866	2763	3831	5623	13146	7547	9661	15435	24883	38383	109973	93091	160312	53006	0	0	0	0	0
FFQ	36	0	50	29484	90	64	273	216	284	726	764	801	978	719	826	700	426	575	674	640	1042	1848	1937	1738	2101	2119	3372	4754	13116	4970	7944	14358	24118	42529	107355	99192	165337	49986	0	0	0	0	0
FFQ	37	0	51	30253	140	209	515	273	328	942	633	860	1084	1122	1038	739	901	672	1222	1164	1390	1756	2532	2339	4025	4001	3735	6869	13289	7653	9617	18186	26218	42704	103584	93768	154413	47881	0	0	0	0	0
FFQ	38	0	13	30924	68	105	195	263	196	741	546	870	842	707	947	538	618	515	671	454	1094	1367	1971	1923	2208	2280	2818	4719	11134	6722	8064	15506	24427	38475	110366	89775	168158	55886	0	0	0	0	0
FFQ	39	0	193	31716	439	612	523	481	454	887	813	1020	996	836	1431	1148	1589	857	1046	1066	1883	2363	3893	2859	3419	4304	4555	5673	11923	10501	9836	15711	24316	41306	99138	90405	155047	52867	0	0	0	0	0
FFQ	40	0	27	32367	26	132	198	240	218	695	626	921	962	666	840	538	621	482	745	520	894	1416	2278	1976	2263	2108	2772	5024	11536	7020	7779	14269	26297	36910	106573	99335	157308	59524	0	0	0	0	0
FFQ	41	0	18	33071	40	112	226	244	133	688	770	913	880	704	861	541	657	563	676	614	917	1518	2381	1790	2145	2235	2737	4865	11497	7113	7960	13784	26318	37318	110450	86609	165726	59032	0	0	0	0	0
FFQ	42	0	28	33778	56	108	243	206	287	506	899	750	844	1007	653	491	745	619	893	1039	1006	1404	1715	1950	2499	2698	3373	5780	10288	8148	8500	18291	25075	39459	109044	80089	164818	58817	0	0	0	0	0
FFQ	43	0	32	34479	46	140	144	230	260	510	816	910	943	704	795	470	678	597	749	707	925	1491	1871	1994	2198	2639	2773	4601	11393	7276	8430	14781	27358	35753	109270	85930	164438	59775	0	0	0	0	0
FFQ	44	0	35	35314	35	170	177	239	266	520	801	1014	883	838	691	473	734	513	705	674	975	1569	1884	1900	2270	2222	2767	4007	11137	8011	8169	11990	29903	33195	105758	87669	163882	64716	0	0	0	0	0
FFQ	45	0	44	36154	20	129	267	294	250	452	1096	753	942	880	660	443	684	500	738	653	1262	1550	1895	1997	2324	2468	3023	4548	11507	7033	7871	12650	29465	35638	103721	96380	157730	60085	0	0	0	0	0
FFQ	46	0	33	36927	68	103	250	220	260	432	829	905	842	914	673	552	562	624	668	550	1057	1614	1872	2034	2167	2840	2497	4183	11432	8535	7206	11179	30884	33473	105907	88318	160494	65002	0	0	0	0	0
FFQ	47	0	48	37673	75	100	219	205	283	414	685	888	913	811	643	544	498	585	748	563	1070	1451	1809	2008	2275	2822	2724	3702	10994	8781	7528	11087	30432	35474	105844	85637	159866	66707	0	0	0	0	0
FFQ	48	0	38	38553	70	106	219	161	250	457	618	1052	889	867	672	568	532	596	801	550	1180	1344	1749	2130	2150	2855	2703	3741	10501	9294	6688	11224	29426	37247	105918	85991	160554	64412	0	0	0	0	0
FFQ	49	0	169	39279	183	101	292	263	417	756	716	1046	697	981	811	466	873	864	1179	804	1487	1764	2608	2403	2504	3788	2992	5921	12338	9346	9287	14225	28930	39994	104374	81191	153969	59088	0	0	0	0	0
FFQ	50	0	49	40214	182	211	240	494	468	510	563	889	895	852	817	856	909	758	1094	1107	1511	1881	2486	3079	3037	4230	4186	6447	10591	12882	8927	15000	30889	40700	96402	84955	145559	62236	0	0	0	0	0
FFQ	51	0	8806	48130	1206	1412	904	659	521	771	808	715	787	944	816	936	906	792	1082	1305	1389	1714	2691	3249	3465	4179	5268	5874	12048	11444	11595	14915	22047	43765	103327	71094	144219	52323	0	0	0	0	0
FFQ	52	0	44	41773	135	122	247	320	364	350	724	992	994	807	938	377	643	671	931	774	820	1353	2242	2106	2750	3195	3879	6732	11420	11515	13090	16055	31481	40152	102571	83362	146458	55691	28	0	0	0	0
FFQ	53	0	31	42687	47	167	182	326	325	421	640	879	854	808	714	555	647	721	851	973	815	1353	1920	2361	3023	3223	3239	5088	8964	10828	9235	14043	26974	39509	107639	84070	155703	55617	674	0	0	0	0
FFQ	54	0	11	43470	33	65	137	281	205	287	727	963	796	666	824	410	397	468	580	831	744	1333	1613	2487	2110	2547	2567	3680	10319	11672	8379	12581	24343	45108	105177	87460	152568	60267	0	0	0	0	0
FFQ	55	0	16	44324	29	59	107	298	115	299	726	790	795	549	674	515	482	400	569	675	755	1096	1500	1996	2274	1916	2734	3717	9756	11077	7046	12249	23725	46378	101745	92494	157274	56952	0	0	0	0	0
FFQ	56	0	18	45156	33	63	116	254	184	268	689	545	866	557	765	497	419	513	374	761	788	958	1597	1900	2439	2154	2505	3729	9368	10806	6559	10815	23509	43630	104628	84842	168640	55161	0	0	0	0	0
FFQ	57	0	22	45987	97	54	117	298	147	265	614	650	835	515	734	558	384	555	497	633	852	1117	1765	1859	2109	2010	2640	3850	8804	11544	7235	10567	22798	41631	102590	79083	174930	57760	0	0	0	0	0
FFQ	58	0	272	46953	480	375	440	408	266	420	957	660	1237	827	1345	1152	1010	1302	1179	2030	1602	3177	3127	3147	5254	4537	4509	4461	11223	15378	9956	21020	24781	41521	94743	76886	151340	48131	0	0	0	0	0
FFQ	59	0	15	47750	110	70	117	221	143	261	665	417	881	603	602	663	227	616	427	666	814	1050	1656	1785	2611	1788	2410	3592	8177	12073	6495	10817	21568	42514	105434	81419	172790	54659	0	0	0	0	0
FFQ	60	0	19	48731	125	90	118	223	148	257	576	471	921	510	572	715	305	495	484	576	973	883	1649	1773	2277	2032	2176	3520	8088	12066	6601	10961	18358	42667	104419	79631	173820	58876	0	0	0	0	0
FFQ	61	0	45	49707	157	187	234	352	175	313	697	488	994	723	801	1013	533	885	978	1079	1610	1777	1983	3135	2521	3161	4737	6181	8892	12675	8080	13120	23723	43355	107729	81161	151536	51369	0	0	0	0	0
FFQ	62	0	134	50699	89	172	413	334	283	391	646	479	1151	784	993	910	724	1170	1183	1402	1436	2256	2684	2880	2950	4277	5431	7410	8655	11252	10092	17087	22502	52029	96464	82959	144310	49475	0	0	0	0	0
FFQ	63	0	24	51572	98	65	133	209	142	263	672	549	800	579	551	662	386	505	442	745	849	979	1709	1961	2251	1775	2704	3491	7884	12816	6143	11073	18220	45320	102716	87039	158929	61850	0	0	0	0	0
FFQ	64	0	20	52676	88	65	109	224	170	274	573	460	809	658	544	682	355	481	448	572	988	981	1791	1821	2153	2242	2683	3362	7585	13219	6564	10747	17618	46186	103620	86628	155991	62719	0	0	0	0	0
FFQ	65	0	20	53715	78	56	120	230	155	277	590	455	956	633	602	627	323	490	425	678	812	1183	1566	1895	2395	2217	2638	3191	7606	12491	6425	11258	17857	45498	104626	88552	150480	64986	0	0	0	0	0
FFQ	66	0	22	54753	78	48	129	229	206	231	643	516	910	625	556	689	460	429	473	476	852	1125	1671	2000	2300	2412	2346	3644	7074	11671	7486	11761	16470	43770	104830	87558	149417	68246	0	0	0	0	0
FFQ	67	0	56	55721	164	141	252	332	163	329	601	630	852	730	793	934	705	670	615	1129	1298	1806	2655	2484	3469	2643	3569	4391	9733	12284	10658	13425	19685	43857	100939	84316	142950	61127	0	0	0	0	0
FFQ	68	0	176	56895	176	313	180	268	368	282	790	913	1062	907	843	1049	1022	1151	1148	1504	1573	2251	2627	3604	2691	3252	4480	7093	9293	12599	7492	19216	19102	44004	101099	88051	131277	57355	0	0	0	0	0
FFQ	69	0	29	57913	79	93	188	203	311	291	1049	748	580	672	609	940	388	571	757	901	1322	1485	1978	2043	2674	2834	3487	3258	8040	10739	10302	12090	16631	39883	107681	81954	130080	83303	0	0	0	0	0
FFQ	70	0	1892	63933	1056	1330	680	545	491	390	532	776	614	983	1446	886	1313	1056	1135	2278	1667	2119	1440	2565	3373	4818	4063	5090	7606	10617	13605	14206	20562	35793	105766	75261	116299	79920	0	0	0	0	0
FFQ	71	0	2685	67609	1405	832	343	577	568	260	479	355	556	777	777	778	570	965	1385	1270	1266	1057	1566	1831	2607	3553	4705	3902	6309	9098	10110	13112	17284	40166	101186	77019	121445	87699	0	0	0	0	0
FFQ	72	0	34	61018	46	119	130	163	127	206	541	487	1137	728	933	697	300	437	560	458	889	688	1643	1783	2466	2313	3362	3016	8006	9462	12225	13920	17488	34766	110873	71631	121599	98663	3192	0	0	0	0
FFQ	73	0	32	62037	86	115	118	210	175	436	471	496	852	597	1015	539	487	543	771	715	1177	928	1682	1992	2454	3864	3613	4410	6116	10013	13386	12527	20298	37897	105624	73326	123842	93262	0	0	0	0	0
FFQ	74	0	36	63123	59	119	95	201	102	278	566	516	913	704	782	632	304	551	588	591	881	968	1569	1704	2125	2808	2994	3591	6431	7815	12853	10266	16929	33964	116554	63030	121042	103907	6515	0	0	0	0
FFQ	75	0	66	64227	161	112	228	299	258	143	656	833	674	930	686	877	567	750	965	875	1196	1801	2444	2750	3124	3681	3897	4468	5995	12597	14057	11900	18981	40205	108861	62917	124078	83045	6802	0	0	0	0
FFQ	76	0	0	65358	42	62	124	61	202	162	230	381	541	717	797	805	659	382	533	726	687	699	840	1623	1766	2769	3845	4527	6637	10971	9753	11011	17959	51454	108270	85487	151626	44292	108	0	0	0	0
FFQ	77	0	160	66124	127	346	130	245	452	302	232	590	877	1017	1113	812	926	803	964	1455	2280	1854	1992	2685	2611	4483	4980	4659	7507	13030	11574	13089	21711	46753	105769	72834	129201	62050	369	0	0	0	0
FFQ	78	0	0	66820	59	39	109	99	213	152	215	582	699	609	587	536	549	392	322	531	709	745	952	1666	2131	2470	3177	3872	4509	8337	12909	9005	15848	33166	115459	63536	133349	94013	7740	0	0	0	0
FFQ	79	0	38	67705	64	59	84	132	199	137	175	706	527	641	571	413	474	473	352	659	719	809	958	1628	1916	2390	2971	3241	4558	7762	13256	9314	17886	32651	120469	53827	132701	98458	7183	0	0	0	0
FFQ	80	0	40	68785	67	96	85	98	254	136	235	735	552	639	547	384	399	459	379	598	755	821	855	2293	1650	2542	2939	3114	4637	7949	13270	10141	17133	30811	120993	52765	126825	104694	7431	0	0	0	0
FFQ	81	0	38	69886	54	41	154	96	199	333	284	581	609	648	528	316	475	662	594	717	809	943	1003	1951	2439	2208	3040	3975	5585	7924	12943	10263	19413	35221	114649	56894	116608	106219	7804	0	0	0	0
FFQ	82	0	41	71070	50	67	93	131	193	216	386	633	515	674	541	490	386	535	342	880	782	782	1381	1940	1667	2689	2636	3693	4757	7423	14036	8123	18593	32292	115640	54999	118305	111197	7928	0	0	0	0
FFQ	83	0	51	72366	39	30	111	93	184	145	323	615	535	651	571	341	426	492	490	715	969	768	1106	1945	1951	2326	3132	3727	5881	7026	13973	10295	18786	31358	114824	60156	112024	109079	8602	0	0	0	0
FFQ	84	0	35	73690	65	103	61	93	207	120	269	704	581	593	565	370	446	435	387	635	904	710	1085	1921	1719	2229	2729	3610	4316	7372	13551	8877	19098	32090	111863	56856	116283	112095	9439	0	0	0	0
FFQ	85	0	35	75157	38	47	100	115	211	170	316	731	545	594	550	388	420	427	516	639	858	734	1186	2230	1758	2610	2663	3057	4372	8604	13842	9616	19192	32162	113113	52938	114038	111058	11076	0	0	0	0
FFQ	86	0	85	76792	73	179	305	159	279	316	612	641	791	655	570	747	742	673	851	1105	1324	1913	2417	3625	2401	3390	3678	6042	6548	10667	15939	13538	21491	38958	100320	53551	108275	99912	6542	0	0	0	0
FFQ	87	0	43	78531	44	56	87	114	145	142	264	711	477	620	650	380	387	423	371	591	764	793	1059	1686	2020	2452	2605	3200	4604	7421	13456	10052	19009	28767	116421	52807	111419	111572	11963	0	0	0	0
FFQ	88	0	36	80395	44	52	89	114	153	178	242	742	644	610	583	319	531	457	337	724	724	822	1168	1794	2208	2274	2912	3356	4709	7213	13588	9625	19189	29218	116000	53900	104743	115044	11369	0	0	0	0
FFQ	89	0	49	82378	37	50	103	105	169	185	243	854	520	624	544	444	484	524	350	830	855	778	1179	1836	1838	2783	2835	3339	4601	7291	13159	9579	19874	29656	112193	54716	103221	115676	12204	0	0	0	0
FFQ	90	0	42	84496	38	39	103	84	152	164	216	853	521	514	694	279	391	486	432	699	759	817	1312	1909	2216	2296	3137	3104	4339	7523	13776	9621	19484	30228	112032	55027	104717	116946	6660	0	0	0	0
FFQ	91	0	71	86901	49	84	94	129	275	281	347	831	558	551	492	466	560	506	511	901	1215	1275	1452	2303	2790	2952	4120	3845	5181	10264	14004	13280	21232	32292	100654	58017	105774	107660	4189	0	0	0	0
FFQ	92	0	47	89566	50	42	76	155	106	280	560	431	541	695	426	434	458	420	591	786	896	915	1446	1635	2161	2717	2824	4182	4431	7004	14011	8747	21649	34008	107139	51495	105758	115419	4005	0	0	0	0
FFQ	93	0	37	92388	81	124	167	289	568	387	151	567	706	694	652	520	659	938	1129	1257	1405	1172	1861	1983	2645	2775	4935	5418	5430	4785	14189	13699	20866	35331	96510	54089	107587	106927	3185	0	0	0	0
FFQ	94	0	39	95413	30	34	100	76	192	147	304	693	395	693	389	416	374	516	329	669	856	843	1515	1937	1784	2943	3197	3170	4889	7523	14142	10941	19824	42540	97153	55054	104617	110106	2263	0	0	0	0
FFQ	95	0	38	98873	29	27	76	62	106	80	163	568	427	540	453	514	321	498	325	616	714	564	1062	1727	1990	2306	3042	3357	4809	8927	12298	10189	20211	54649	88071	59499	127939	80609	427	0	0	0	0
FFQ	96	0	62	103060	37	43	73	190	117	122	155	390	339	506	521	442	591	496	635	763	573	918	1487	2374	3127	3116	3683	4346	6884	11706	12665	10831	21897	71871	73650	64537	135923	47976	0	0	0	0	0
FFQ	97	0	13	107983	10	32	47	21	72	56	80	277	326	241	412	357	228	411	240	409	654	525	1058	1466	1834	2524	3094	3261	4897	9151	11361	11817	24156	77531	75881	66303	143583	35795	0	0	0	0	0
FFQ	98	0	9	113765	34	22	67	57	63	96	144	274	206	212	268	393	331	533	511	1133	1000	1386	1417	1840	2474	4239	4365	4995	6969	13691	10926	17493	27076	91988	55690	74354	133793	14292	0	0	0	0	0
FFQ	99	0	20	120465	17	52	15	28	20	49	97	121	159	275	436	315	387	376	706	799	1614	1652	1651	1992	3207	3304	4509	5679	7013	14310	9896	17646	39423	89403	57643	76195	121947	4685	0	0	0	0	0
FFQ	100	0	0	128110	0	0	0	0	0	0	13	0	6	20	63	157	81	80	218	221	355	1118	1253	1374	1842	2500	3401	3438	6229	11881	8271	16049	33877	82076	61522	75116	125540	21295	0	0	0	0	0
FFQ	101	0	0	138974	0	0	9	281	103	12	172	309	422	810	646	2086	1688	2033	1757	3162	3417	3296	4849	4295	6763	6286	5325	8777	10801	13534	16023	20899	39978	82151	43895	68189	87897	7267	0	0	0	0	0
FFQ	102	0	0	0	0	0	0	0	0	0	0	0	0	0	0	0	0	0	0	0	0	0	0	0	0	0	0	0	0	0	0	0	0	0	0	0	0	0	0	0	0	0	0
# Last Fragment Qualitites. Use `grep ^LFQ | cut -f 2-` to extract this part.
# Columns correspond to qualities and rows to cycles. First column is the cycle number.
LFQ	1	0	0	15131	0	0	0	0	0	0	0	0	3582	12737	2848	0	0	0	0	0	0	0	13190	2249	11	6524	7036	192201	330249	4	0	0	0	0	0	0	0	0	0	0	0	0	0
LFQ	2	0	0	15135	0	96	358	395	502	362	246	1896	3317	2325	3463	2637	1243	1144	453	962	1639	1164	1010	3187	4454	7694	10009	7278	7394	7667	30322	55369	128163	92701	192610	567	0	0	0	0	0	0	0
LFQ	3	0	0	15567	105	720	329	301	961	2485	1391	3112	4091	1501	1609	631	1160	1420	513	2212	2192	2888	2323	2969	2883	3417	11434	6268	8204	8757	13772	52688	103400	100862	201063	24534	0	0	0	0	0	0	0
LFQ	4	0	0	15962	234	771	551	950	1994	1560	3135	2776	2830	1704	1520	2006	1868	2061	1596	2587	2137	3035	2806	5195	6497	6646	12158	9881	12504	10679	28980	104119	61996	131911	143113	0	0	0	0	0	0	0	0
LFQ	5	0	0	16853	0	706	573	0	1439	2161	2402	3062	3135	1012	1192	948	647	1475	1230	1755	3331	3330	3408	1788	3147	3257	12815	6451	5779	10182	31292	111803	62671	111079	176839	0	0	0	0	0	0	0	0
LFQ	6	0	228	17486	481	362	722	820	1926	1747	2598	3180	2023	1600	598	672	1375	1088	1768	3198	2206	3367	3558	2360	2855	3216	13075	6472	6510	15248	37397	97555	67133	151567	131371	0	0	0	0	0	0	0	0
LFQ	7	0	229	18339	101	813	567	740	1941	1854	2612	3162	2196	1413	766	664	1256	1029	1560	2487	2798	4002	2805	2119	3271	2853	11428	6938	5316	11831	18251	107602	76013	53853	234953	0	0	0	0	0	0	0	0
LFQ	8	0	220	18989	346	652	1297	1066	1729	2191	2328	2480	2209	1567	1595	1501	1460	1249	1412	2442	3049	3765	3207	3282	3276	5142	9910	9147	6066	16228	13521	69833	111644	44746	210355	27858	0	0	0	0	0	0	0
LFQ	9	0	216	19593	172	731	515	1185	1540	1923	2778	2837	2158	1370	653	676	1722	1514	1965	3203	2309	2937	2540	1998	3140	3975	9413	8990	6718	10621	17577	43671	103889	80520	207944	34769	0	0	0	0	0	0	0
LFQ	10	0	198	20216	370	725	410	971	1540	2154	2953	2769	1959	1297	951	1205	1590	1730	1229	2408	2949	4080	3901	2306	5556	4984	9785	12613	9932	13312	18771	51172	99592	72257	174363	55514	0	0	0	0	0	0	0
LFQ	11	0	192	20839	248	779	389	733	2020	1860	2886	2571	1984	1238	950	661	1262	1355	1813	2835	2791	3595	1737	1928	3777	3511	5456	13609	6085	10508	15332	28877	109406	70228	183375	80932	0	0	0	0	0	0	0
LFQ	12	0	210	21403	436	499	576	962	1806	1689	2560	2993	1715	1494	793	718	1177	1870	1468	2782	2815	2951	2790	2612	2854	3328	5683	14171	7021	10479	14662	29209	104110	66710	160975	110241	0	0	0	0	0	0	0
LFQ	13	0	179	21974	441	423	593	917	1734	1905	3189	2236	2046	1285	684	1005	1572	1758	2599	2271	2410	3071	2745	2106	4105	3255	5063	15969	7615	10692	14342	26909	102334	71972	127759	138604	0	0	0	0	0	0	0
LFQ	14	0	180	22497	179	669	477	1178	1616	1705	2411	2996	2068	1111	837	841	1208	1127	2023	2549	2878	2765	2399	2152	3389	2675	5142	14364	5111	8582	11665	18943	102691	60894	174649	121791	0	0	0	0	0	0	0
LFQ	15	0	175	23231	153	698	741	1640	1563	2090	3068	2164	1788	905	1039	970	2158	2260	2542	2346	1980	2264	3000	2373	2713	4188	6160	13768	5135	8216	11462	17933	86417	71816	169932	128069	805	0	0	0	0	0	0
LFQ	16	0	204	23714	367	596	756	1686	1831	2015	3499	2073	1732	932	909	1794	2410	2206	2388	1864	1750	2279	3147	2644	2372	4465	5796	13856	6176	8475	12879	15693	51317	102894	147650	151469	1924	0	0	0	0	0	0
LFQ	17	0	190	24261	218	845	380	1544	1714	2314	2881	2391	1704	956	875	1294	1998	2111	2017	2969	1117	3076	2480	2412	2726	3830	5331	14207	4973	8807	11270	16527	45212	111034	131077	165110	5911	0	0	0	0	0	0
LFQ	18	0	206	24862	404	616	476	1427	1808	2163	2849	2619	1484	1238	673	1075	2032	1987	2016	3548	992	3174	2247	2832	2806	3802	4909	15051	6756	9227	12545	17402	42572	108772	120684	163035	17473	0	0	0	0	0	0
LFQ	19	0	225	25602	319	694	439	1483	1835	2159	3078	2304	1643	1030	857	1029	2258	2400	2132	2029	1568	3110	2635	3716	2520	3408	5744	13483	7026	9353	13052	18049	38829	113693	114702	166570	16788	0	0	0	0	0	0
LFQ	20	0	205	26148	283	558	505	615	1863	1780	2538	2889	1945	1287	739	776	827	1533	1895	3096	2445	2509	2654	2779	3238	3342	4298	14024	7379	8847	11430	15921	41956	107176	114168	171546	22568	0	0	0	0	0	0
LFQ	21	0	213	26894	17	964	295	457	1758	1829	2304	2562	2209	1204	919	832	1449	1732	1582	2518	2294	2733	2055	3247	3285	3921	4884	12106	7757	8662	11227	17205	36565	112949	95842	180941	30351	0	0	0	0	0	0
LFQ	22	0	208	27520	166	587	323	292	1586	2059	2148	2749	2044	1091	904	718	715	1429	1733	2818	2582	2732	2358	3513	2920	3924	5607	13056	6813	10043	14004	18082	40476	110300	101344	162563	36355	0	0	0	0	0	0
LFQ	23	0	211	28181	107	550	518	561	1458	1939	2002	2211	2391	1147	1071	573	1055	1807	1371	2640	2194	2677	2214	2666	3703	3615	4882	11758	6928	10134	11397	15827	33689	114034	95342	167941	46968	0	0	0	0	0	0
LFQ	24	0	245	28991	326	350	936	858	2093	1771	2336	2147	2122	1660	855	1275	1680	2116	2187	2390	3530	2855	3097	3756	5067	5106	7547	12950	8331	12792	11280	20742	33955	109207	89037	157606	44566	0	0	0	0	0	0
LFQ	25	0	218	29518	318	271	674	354	1471	1947	2228	2261	2417	1237	923	792	1060	1192	1563	2072	2932	2344	2608	2382	3675	3073	4720	13034	6400	8723	10890	18796	31295	107559	94497	167206	55112	0	0	0	0	0	0
LFQ	26	0	206	30230	211	264	774	256	1209	2048	1881	2230	2283	1567	963	755	496	1356	820	1657	2826	2789	2577	2025	3508	3172	4369	12212	6115	6922	10450	17363	29693	108161	85593	180762	58019	0	0	0	0	0	0
LFQ	27	0	75	31187	167	293	650	328	1097	1955	1901	2009	2410	1417	973	775	739	1016	936	1740	2973	3288	2250	2122	3625	2895	4534	10527	8117	6729	10065	17873	27949	109961	81847	176575	64764	0	0	0	0	0	0
LFQ	28	0	86	31977	285	560	736	750	1995	1859	1930	2307	2059	1010	877	1308	1832	2559	1674	1788	1871	2693	3337	2393	4249	3504	5624	8660	11546	9121	13155	14291	26408	111540	78868	168519	64391	0	0	0	0	0	0
LFQ	29	0	82	32845	275	532	728	653	1937	1959	1964	2223	2106	1268	740	1002	1479	2520	2152	1785	1831	2612	3074	2567	3622	3660	5081	9321	9451	9093	12329	17276	26231	108793	74512	172046	68013	0	0	0	0	0	0
LFQ	30	0	19	33710	220	508	690	529	2130	1820	1988	2356	2171	1390	940	789	1651	1593	2009	2375	2166	2482	2403	3078	2846	3897	4863	10403	8981	7568	13200	18186	24603	104795	69543	171157	78703	0	0	0	0	0	0
LFQ	31	0	31	34578	528	507	1001	730	1578	2263	2119	2197	2270	1099	1743	1487	1482	1562	2215	2703	3185	3600	2503	2800	4732	5052	7262	11018	11475	8087	13737	22398	25009	105497	65802	163115	70397	0	0	0	0	0	0
LFQ	32	0	25	35550	250	304	769	454	1463	2362	1558	2139	2449	1486	913	826	1073	1382	1882	2260	2350	2737	2506	2345	3654	3100	4158	10713	10059	5748	10851	21355	24209	109325	70957	165974	78576	0	0	0	0	0	0
LFQ	33	0	49	54474	274	695	723	918	2222	1601	1831	2257	2086	1110	1226	1790	1695	2150	1647	1393	1859	2970	3555	3289	3052	4431	4521	8448	12286	9284	13676	13896	22051	107670	63427	161226	71980	0	0	0	0	0	0
LFQ	34	0	164	37578	512	993	1051	961	1617	2811	1936	2302	2351	1924	972	1982	2084	1898	2112	2003	2375	3257	3905	5581	5428	5251	13540	10278	23628	12024	13669	18362	32386	92604	71146	143673	63404	0	0	0	0	0	0
LFQ	35	0	27	38360	186	539	564	608	2104	1930	1567	1956	2403	1661	615	1200	1173	1153	1623	2639	2964	2555	3043	2926	3446	3579	4383	10099	10730	5565	10689	20978	23785	108343	67537	162347	82485	0	0	0	0	0	0
LFQ	36	0	30	39324	193	372	564	554	1294	2165	1724	2004	2275	1412	884	905	1100	1061	1334	2583	2524	2948	2350	2337	3639	3366	4735	8828	11135	6728	8733	21884	26416	104214	62404	169086	84657	0	0	0	0	0	0
LFQ	37	0	28	40263	174	330	589	580	1035	2252	1748	1712	2244	1409	1213	816	971	1202	975	1817	2997	2778	2614	2403	3253	3531	4519	7829	11948	6816	9516	22946	26662	100584	64425	163705	89878	0	0	0	0	0	0
LFQ	38	0	31	41344	406	373	773	910	1233	2028	2035	1842	1963	1624	1430	1319	1673	1485	1734	2596	2592	3359	3380	3226	4432	5932	6995	9321	12931	8626	14201	24526	24976	100945	62048	153576	79897	0	0	0	0	0	0
LFQ	39	0	36	42269	129	270	571	529	797	2065	1589	1818	1668	1889	1108	901	846	1107	1111	1197	2634	3161	2885	2492	2827	3898	4129	7751	12311	6659	9014	21622	26457	95857	65272	162263	96630	0	0	0	0	0	0
LFQ	40	0	26	43364	164	217	588	484	853	1815	1693	1810	1656	1811	973	968	818	1112	992	1404	2417	3025	2987	2213	3026	3814	4064	7942	12358	6629	9287	20408	28060	95118	65292	160529	97845	0	0	0	0	0	0
LFQ	41	0	29	44435	181	251	592	430	631	1725	1959	1649	1779	1576	1152	755	836	1118	910	1207	2144	3142	2932	2319	2793	3744	4055	7687	12264	7695	9530	18866	29149	91892	68892	162301	95142	0	0	0	0	0	0
LFQ	42	0	36	45552	177	316	501	349	816	1906	1647	1715	1339	1637	1098	880	1104	1360	1069	1599	1984	3024	3666	2681	3759	4252	5265	7946	14243	11101	11780	21322	31607	88894	72125	146427	92585	0	0	0	0	0	0
LFQ	43	0	39	46694	185	204	487	401	567	1479	1742	1907	1358	1682	1068	757	948	1112	786	1152	1943	2924	2994	2100	3094	3360	3998	7080	12641	7452	9381	17430	31449	79406	78503	151214	108225	0	0	0	0	0	0
LFQ	44	0	52	47854	156	219	426	394	593	1392	2055	1770	1218	1646	1039	741	960	1017	780	1324	1955	3043	2966	2069	3386	3210	4847	7129	12699	7012	9733	17786	31379	77503	79648	145765	111996	0	0	0	0	0	0
LFQ	45	0	44	49132	157	276	426	421	1002	1470	1613	1817	1696	1236	971	979	1173	1446	1234	1633	2158	2862	3068	2764	4252	4235	4599	8576	13542	9163	13568	19111	30438	72269	83527	137887	107017	0	0	0	0	0	0
LFQ	46	0	53	50227	202	290	245	646	464	1232	2217	1579	1396	1439	856	964	758	1072	759	1347	1926	2644	3092	2762	2866	3565	4048	7529	13452	6619	9718	17389	32455	73630	81038	141928	112283	3072	0	0	0	0	0
LFQ	47	0	62	51446	214	320	225	546	552	1109	2027	1485	1554	1676	946	856	861	1312	713	1431	2044	2366	2901	2791	3245	3844	4435	6529	13860	7093	9959	16830	32818	72282	80262	142948	110337	3883	0	0	0	0	0
LFQ	48	0	45	52700	284	197	317	415	735	1051	1839	1935	1058	1516	968	1112	650	1025	1132	1682	1879	2919	3051	2595	3105	3925	5312	7139	15135	7387	11356	16727	34725	69440	83763	125035	111809	11799	0	0	0	0	0
LFQ	49	0	156	53936	216	237	265	346	450	911	1548	1784	1451	1363	937	898	733	961	988	802	1324	2704	2892	2591	2672	3489	3630	6126	14945	7004	9498	12272	32465	72680	84796	127521	123494	7677	0	0	0	0	0
LFQ	50	0	68	55267	121	252	389	281	443	1003	1642	1725	1286	1419	931	1009	709	1087	894	1198	1095	2638	3040	2721	2682	3711	3468	6483	14196	6757	8883	13949	33631	74731	79872	132481	118156	7544	0	0	0	0	0
LFQ	51	0	28	56361	115	69	343	312	310	524	870	1681	1568	1394	1587	823	733	575	922	1286	1216	1834	2294	2542	3985	3761	3960	7642	10945	9696	11743	14065	28728	90823	84656	122894	109687	5790	0	0	0	0	0
LFQ	52	0	27	57297	71	124	235	383	426	408	1109	1756	1653	1050	1651	601	951	562	1032	915	1101	1729	2784	3384	3173	3602	3956	6306	12544	9223	10401	13341	33143	73756	90124	120382	120869	5693	0	0	0	0	0
LFQ	53	0	64	58190	101	216	317	379	530	720	934	1619	1503	1141	1254	744	997	1061	1264	1367	1416	1626	2874	3655	2924	4205	4305	6891	13813	7616	10615	15808	32910	63422	97344	115575	120686	7676	0	0	0	0	0
LFQ	54	0	61	59157	74	167	292	248	334	534	1047	1200	1341	1259	1334	710	669	811	680	1020	1021	1528	2623	3124	2725	2905	3307	5231	13212	7782	8225	12545	31664	67620	88871	126047	126012	10382	0	0	0	0	0
LFQ	55	0	74	60193	90	142	311	288	366	606	1105	1156	1508	1161	1249	722	748	743	899	1101	1116	2020	2633	2932	2801	2977	3219	5818	14517	7870	8393	12871	31747	65841	92727	122306	120672	12840	0	0	0	0	0
LFQ	56	0	72	61194	168	332	273	556	907	937	1244	1103	1742	1280	1188	564	996	1753	1781	1959	1680	2440	2698	3564	4738	4259	5246	7053	11318	7445	11212	16556	29543	56953	87809	123082	117178	14939	0	0	0	0	0
LFQ	57	0	85	62206	67	192	395	333	452	885	1106	1421	1197	1526	1097	762	618	1041	856	1195	1393	2165	2825	2849	2550	2880	4097	6241	13696	6201	8799	12593	29687	61070	92046	120640	125282	15314	0	0	0	0	0
LFQ	58	0	107	63348	142	261	576	599	837	776	1047	1081	1321	1599	1552	1476	1004	1894	1558	2364	1839	3300	3413	5066	4626	5638	6950	5833	13799	9105	16762	16556	34337	55600	84772	111419	111186	14019	0	0	0	0	0
LFQ	59	0	22	64157	161	171	333	218	461	567	1041	1231	1034	1001	1120	816	712	601	979	987	1612	1913	2478	2878	2981	3281	4277	5165	11988	9326	8453	14716	27182	60557	90935	117967	129598	14843	0	0	0	0	0
LFQ	60	0	16	65237	113	148	265	260	299	534	808	998	1312	1078	1116	626	615	638	606	1422	1137	1535	2346	2613	2917	2447	3097	5239	12732	8704	8102	13525	26109	61590	94744	122588	125376	14870	0	0	0	0	0
LFQ	61	0	28	66296	156	144	324	224	265	465	843	894	1227	1008	954	793	602	664	539	1175	1132	1489	2091	2474	3012	2382	3174	4409	11685	9942	8219	12959	25433	62933	94111	114340	133477	15899	0	0	0	0	0
LFQ	62	0	0	67433	146	106	196	272	258	303	1006	934	1014	882	807	968	564	536	719	648	1112	1571	2350	2789	2452	2853	2743	4857	10989	10182	7656	11849	27730	60620	93633	104763	145300	15521	0	0	0	0	0
LFQ	63	0	0	68519	145	128	151	443	213	574	1104	874	861	931	850	989	451	527	963	984	1529	2071	2188	2293	2397	3064	4149	5849	9279	12532	8430	14299	26617	61669	87962	106022	138365	18340	0	0	0	0	0
LFQ	64	0	0	69691	130	130	170	287	261	387	779	1154	769	1112	693	895	556	498	823	899	1313	1613	2257	2618	2589	2839	3522	5195	10443	10315	7419	16212	26175	59318	92944	106506	139561	15689	0	0	0	0	0
LFQ	65	0	0	70864	130	76	183	248	231	322	787	917	896	1176	751	824	579	415	600	828	1103	1563	2228	2139	2762	2628	2457	4546	8437	11294	7986	12871	20257	65625	90512	97688	152796	19043	0	0	0	0	0
LFQ	66	0	0	72042	145	126	139	290	236	367	829	1083	802	1053	808	832	602	484	802	909	1065	1775	1892	2547	2558	2660	2585	4653	9423	10771	7825	13137	21422	64057	88849	99397	143983	25614	0	0	0	0	0
LFQ	67	0	22	73216	103	88	205	279	213	368	797	904	976	1260	798	703	584	498	601	1047	1224	1604	2041	2856	2748	2342	2958	3965	9397	12010	9376	13267	18426	67419	88577	95155	146229	23506	0	0	0	0	0
LFQ	68	0	0	74496	65	173	176	309	213	274	908	897	959	1004	934	726	562	389	848	637	1169	1586	2338	2384	2785	2386	3098	3619	7991	12311	8135	12185	18641	63879	89090	93983	151465	25147	0	0	0	0	0
LFQ	69	0	0	75780	69	177	246	250	260	321	894	965	1074	980	929	742	626	444	825	843	966	1675	2213	2640	2816	2423	3220	4024	7671	12133	7861	12286	17479	62430	88870	96881	148415	26334	0	0	0	0	0
LFQ	70	0	0	77047	68	132	197	254	241	414	983	808	1204	800	1019	677	510	540	825	753	1150	1542	2413	2554	2662	2510	3191	4385	8096	12888	7936	11536	19273	60524	87454	96635	148162	26379	0	0	0	0	0
LFQ	71	0	0	78357	64	166	197	209	218	291	915	903	1026	967	889	914	520	468	638	776	1087	1362	2248	2523	3025	2387	3251	3779	8250	11457	9388	11676	17510	56645	93720	94275	146300	29361	0	0	0	0	0
LFQ	72	0	0	79720	120	80	332	212	580	650	964	926	950	962	810	912	575	926	1178	2205	1523	1826	2390	3675	4067	4338	5895	5927	8896	14118	10725	18917	22252	69192	83128	85932	127452	23407	0	0	0	0	0
LFQ	73	0	0	80860	51	143	175	182	288	284	798	820	1009	1058	822	888	417	525	662	788	1021	1082	2194	2524	2670	2936	3147	3663	7565	12516	8111	11403	18320	57366	98775	82306	150647	29746	0	0	0	0	0
LFQ	74	0	45	82138	35	184	147	193	261	254	909	870	910	1038	759	776	433	547	785	741	1083	1196	1972	2583	2673	2794	3079	3861	7723	12019	9426	11246	19199	59182	99250	79587	149543	28321	0	0	0	0	0
LFQ	75	0	45	83542	36	131	197	304	180	276	973	800	1104	918	977	701	529	501	780	927	987	1372	2245	2651	2660	2569	3153	4637	8274	9469	10728	10908	18858	59734	96573	75955	153337	28731	0	0	0	0	0
LFQ	76	0	112	84940	181	270	410	533	229	441	1139	839	1276	1448	1210	1236	1208	961	1624	2085	2213	2771	3130	2818	4764	4386	4598	8326	8812	9557	13703	12088	28114	57341	87682	82455	125979	26883	0	0	0	0	0
LFQ	77	0	40	86285	24	144	191	176	278	299	741	845	1070	989	924	961	319	536	619	861	1039	1062	1958	2631	2595	3075	3523	3551	7026	10605	11122	10932	18120	61827	95296	72502	149458	34138	0	0	0	0	0
LFQ	78	0	36	87678	57	101	209	123	308	207	552	889	865	1085	842	716	441	616	643	750	1114	992	1688	2381	2910	2764	3669	3228	7058	10569	10743	11121	17774	60642	96818	68009	151086	37078	0	0	0	0	0
LFQ	79	0	43	89183	75	133	158	104	293	296	579	801	918	960	968	709	476	574	644	721	1060	1060	1770	2401	2669	2836	3513	3810	7163	10039	11196	11024	19090	60985	93031	71730	150588	34162	0	0	0	0	0
LFQ	80	0	45	90661	65	123	144	128	302	277	608	954	911	906	912	639	419	617	688	738	1050	1114	1700	2483	2491	2891	3522	3454	6479	10951	10893	10380	18868	63116	90822	70500	148925	36986	0	0	0	0	0
LFQ	81	0	46	92252	114	146	199	272	354	405	585	800	875	1061	907	681	658	707	996	1106	1294	1553	2121	2962	3027	3508	4555	5451	6681	13698	10258	13654	20207	69803	79191	75729	138070	31836	0	0	0	0	0
LFQ	82	0	44	93884	86	146	173	173	403	395	421	936	977	867	888	629	527	798	925	839	1318	1289	1808	2667	2603	4306	4393	4781	6575	11591	11535	14107	20008	67409	81213	76734	131335	38979	0	0	0	0	0
LFQ	83	0	60	95659	82	117	131	142	296	190	694	899	930	960	844	740	387	498	849	915	979	925	1963	2266	2628	2782	3923	3467	5409	11726	11415	11431	21388	62421	91220	68885	142735	35806	0	0	0	0	0
LFQ	84	0	63	97409	55	122	104	170	262	193	506	933	862	903	826	587	444	534	564	719	1083	1185	1799	2364	2189	2866	4152	2782	6390	11768	9118	11832	22010	63937	88796	69107	145250	33878	0	0	0	0	0
LFQ	85	0	44	99375	66	134	84	131	308	266	480	910	813	858	820	710	382	636	554	817	1039	1114	1607	2338	2336	2955	3636	3424	5657	12014	9285	11913	21778	62399	88332	70530	143990	33114	913	0	0	0	0
LFQ	86	0	59	101317	71	132	60	155	298	164	561	972	845	842	812	677	387	642	652	818	1051	1157	1799	2345	2279	3060	3778	3180	6157	11591	8889	13369	23455	63057	86349	68643	142376	31948	1815	0	0	0	0
LFQ	87	0	45	103449	71	114	104	148	276	250	435	1089	828	843	885	586	448	654	491	896	1026	1167	1703	2299	2438	2872	3207	3896	6053	13202	9300	12062	23584	64063	83051	69907	141633	31295	1392	0	0	0	0
LFQ	88	0	52	105694	56	143	111	106	260	192	400	1023	950	800	824	648	367	587	752	836	1044	1060	1538	2545	2584	2736	4192	3279	6173	12929	8897	15872	23578	67636	78690	69822	136535	32165	686	0	0	0	0
LFQ	89	0	84	108250	33	233	378	288	217	421	688	811	1095	768	1229	761	866	865	1338	939	1806	3001	2860	3363	3054	4004	5945	5407	7344	15470	10375	14267	26512	67389	75345	64950	129937	25469	0	0	0	0	0
LFQ	90	0	54	110726	61	106	97	95	279	150	269	965	843	668	714	613	488	587	470	857	788	1037	1690	2092	2400	2844	3646	3561	5618	12243	8431	12547	24720	71602	77311	72339	137852	26672	327	0	0	0	0
LFQ	91	0	61	113538	42	137	61	96	204	194	204	1053	770	600	894	428	610	443	524	760	952	1003	1608	2058	2591	2733	3710	3219	6073	12001	8034	13279	24765	74877	72232	83052	130185	21888	883	0	0	0	0
LFQ	92	0	55	116658	97	87	58	75	206	198	284	1285	679	636	725	477	321	948	436	739	1098	1184	1933	2672	2951	2558	4294	4686	7233	14489	11203	16050	26373	80761	65967	74382	121479	21227	1258	0	0	0	0
LFQ	93	0	51	120215	48	27	101	87	253	144	263	879	662	594	645	593	392	509	474	639	993	954	1921	1966	2413	2590	4111	2923	5911	11693	9090	13778	27302	86716	65925	77989	124782	17192	937	0	0	0	0
LFQ	94	0	45	124059	32	40	130	95	133	109	199	798	669	439	631	588	453	533	363	609	901	915	1625	1957	2474	2515	4047	2964	6009	12534	8762	13297	28690	92934	59046	76208	124527	15490	942	0	0	0	0
LFQ	95	0	67	128563	92	53	154	273	139	130	236	836	698	520	626	623	746	699	684	858	1073	1338	1867	2832	3368	3628	5154	4916	7579	13597	13601	13958	31308	86433	65634	64457	115038	13984	0	0	0	0	0
LFQ	96	0	29	133490	37	45	77	40	85	82	134	613	474	484	516	515	409	371	386	632	705	816	1282	1692	2178	2579	4079	3783	6374	10888	10085	14624	33531	94733	61394	76687	117917	3996	0	0	0	0	0
LFQ	97	0	24	139132	51	21	72	27	47	83	102	390	419	370	525	379	322	344	371	505	645	739	1325	1474	2621	2607	3413	3964	6323	10255	10929	17048	42437	93069	59342	75667	107581	3139	0	0	0	0	0
LFQ	98	0	0	145575	18	24	53	10	14	72	60	212	324	202	298	383	206	305	233	371	610	956	1186	1449	2465	2808	2909	4906	6089	10638	11142	21325	59348	77742	60753	107643	64735	698	0	0	0	0	0
LFQ	99	0	0	152908	3	2	9	12	4	16	26	54	80	107	160	185	252	125	248	228	470	1204	804	1918	2110	2688	2973	5307	7607	10658	11922	24632	72362	62566	69110	120150	34862	0	0	0	0	0	0
LFQ	100	0	0	160641	0	0	0	1	0	17	0	13	19	22	74	164	33	147	163	301	680	1373	832	2047	2266	2583	3518	5056	6928	11501	13574	23154	62539	65963	65956	85726	69713	758	0	0	0	0	0
LFQ	101	0	0	169626	0	0	7	173	117	25	19	331	393	495	570	815	1608	1702	2585	2772	2733	3318	4560	4057	6075	7381	7184	7994	12988	15375	22768	27576	70347	45174	57517	84573	24904	0	0	0	0	0	0
LFQ	102	0	0	0	0	0	0	0	0	0	0	0	0	0	0	0	0	0	0	0	0	0	0	0	0	0	0	0	0	0	0	0	0	0	0	0	0	0	0	0	0	0	0
# GC Content of first fragments. Use `grep ^GCF | cut -f 2-` to extract this part.
GCF	1.76	0
GCF	4.02	1
GCF	5.03	6
GCF	6.03	0
GCF	7.04	3
GCF	8.04	5
GCF	9.05	7
GCF	10.05	4
GCF	11.06	7
GCF	12.06	8
GCF	13.07	17
GCF	14.07	10
GCF	15.08	28
GCF	16.08	31
GCF	17.09	59
GCF	18.09	81
GCF	19.10	156
GCF	20.10	260
GCF	21.11	525
GCF	22.11	901
GCF	23.12	1386
GCF	24.12	2042
GCF	25.13	2760
GCF	26.13	3667
GCF	27.14	4706
GCF	28.14	5846
GCF	29.15	7145
GCF	30.15	8342
GCF	31.16	8861
GCF	32.16	9836
GCF	32.91	10653
GCF	33.67	11275
GCF	34.67	11914
GCF	35.68	11862
GCF	36.68	12278
GCF	37.69	12869
GCF	38.69	12946
GCF	39.70	13327
GCF	40.70	13280
GCF	41.71	13040
GCF	42.71	13397
GCF	43.72	13534
GCF	44.72	13503
GCF	45.73	13419
GCF	46.73	13733
GCF	47.74	13728
GCF	48.74	14084
GCF	49.75	13920
GCF	50.75	14048
GCF	51.76	13961
GCF	52.76	13876
GCF	53.77	13844
GCF	54.77	14196
GCF	55.78	14126
GCF	56.78	14238
GCF	57.79	14394
GCF	58.79	14613
GCF	59.80	14779
GCF	60.80	14674
GCF	61.81	14368
GCF	62.81	13938
GCF	63.82	13679
GCF	64.82	12664
GCF	65.83	11840
GCF	66.58	11098
GCF	67.34	10159
GCF	68.34	9013
GCF	69.35	7701
GCF	70.35	6271
GCF	71.36	5165
GCF	72.36	3989
GCF	73.37	3394
GCF	74.37	2823
GCF	75.38	2273
GCF	76.38	2027
GCF	77.39	2135
GCF	78.39	1596
GCF	79.40	1424
GCF	80.40	1189
GCF	81.41	950
GCF	82.41	647
GCF	83.42	571
GCF	84.42	372
GCF	85.43	199
GCF	86.43	134
GCF	87.44	101
GCF	88.44	57
GCF	89.45	48
GCF	90.45	30
GCF	91.46	15
GCF	92.46	7
GCF	93.47	6
GCF	94.97	4
GCF	96.48	2
GCF	97.99	1
# GC Content of last fragments. Use `grep ^GCL | cut -f 2-` to extract this part.
GCL	0.25	5
GCL	1.01	11
GCL	2.51	8
GCL	4.02	11
GCL	5.03	8
GCL	6.03	7
GCL	7.04	15
GCL	8.04	16
GCL	9.05	18
GCL	10.05	22
GCL	11.06	20
GCL	12.06	24
GCL	13.07	26
GCL	14.07	32
GCL	15.08	39
GCL	16.08	43
GCL	17.09	64
GCL	18.09	106
GCL	19.10	153
GCL	20.10	265
GCL	21.11	483
GCL	22.11	798
GCL	23.12	1262
GCL	24.12	1920
GCL	25.13	2589
GCL	26.13	3503
GCL	27.14	4328
GCL	28.14	5662
GCL	29.15	6788
GCL	30.15	7901
GCL	31.16	8680
GCL	32.16	9388
GCL	32.91	10201
GCL	33.67	11111
GCL	34.67	11693
GCL	35.68	11801
GCL	36.68	12299
GCL	37.69	12617
GCL	38.69	12601
GCL	39.70	13167
GCL	40.70	13104
GCL	41.71	13125
GCL	42.71	13339
GCL	43.72	13405
GCL	44.72	13353
GCL	45.73	13569
GCL	46.73	13813
GCL	47.74	13796
GCL	48.74	14280
GCL	49.75	14276
GCL	50.75	14172
GCL	51.76	14043
GCL	52.76	13920
GCL	53.77	14220
GCL	54.77	14229
GCL	55.78	14276
GCL	56.78	14470
GCL	57.79	14508
GCL	58.79	14728
GCL	59.80	14777
GCL	60.80	14701
GCL	61.81	14280
GCL	62.81	13776
GCL	63.82	13585
GCL	64.82	12840
GCL	65.83	11769
GCL	66.58	11234
GCL	67.34	10226
GCL	68.34	9222
GCL	69.35	7857
GCL	70.35	6421
GCL	71.36	5148
GCL	72.36	4316
GCL	73.37	3620
GCL	74.37	2903
GCL	75.38	2436
GCL	76.38	2153
GCL	77.39	2115
GCL	78.39	1665
GCL	79.40	1485
GCL	80.40	1249
GCL	81.41	982
GCL	82.41	734
GCL	83.42	635
GCL	84.42	410
GCL	85.43	252
GCL	86.43	189
GCL	87.44	127
GCL	88.44	109
GCL	89.45	61
GCL	90.45	58
GCL	91.46	37
GCL	92.46	26
GCL	93.47	12
GCL	94.47	14
GCL	95.48	8
GCL	96.48	3
GCL	97.49	2
GCL	98.49	4
GCL	99.50	2
# ACGT content per cycle. Use `grep ^GCC | cut -f 2-` to extract this part. The columns are: cycle; A,C,G,T base counts as a percentage of all A/C/G/T bases [%]; and N and O counts as a percentage of all A/C/G/T bases [%]
GCC	1	26.74	23.12	23.28	26.86	0.06	0.00
GCC	2	25.70	24.11	24.24	25.95	0.01	0.00
GCC	3	25.52	24.36	24.46	25.66	0.01	0.00
GCC	4	25.15	24.74	24.89	25.22	0.05	0.00
GCC	5	25.72	24.15	24.35	25.78	0.02	0.00
GCC	6	25.02	24.81	25.04	25.13	0.02	0.00
GCC	7	25.49	24.44	24.46	25.62	0.03	0.00
GCC	8	25.51	24.38	24.45	25.66	0.03	0.00
GCC	9	25.56	24.26	24.45	25.72	0.02	0.00
GCC	10	25.35	24.49	24.64	25.52	0.02	0.00
GCC	11	25.35	24.49	24.63	25.52	0.02	0.00
GCC	12	25.30	24.56	24.57	25.57	0.02	0.00
GCC	13	25.45	24.45	24.50	25.60	0.03	0.00
GCC	14	25.40	24.57	24.50	25.53	0.02	0.00
GCC	15	25.40	24.51	24.55	25.54	0.02	0.00
GCC	16	25.38	24.47	24.63	25.52	0.02	0.00
GCC	17	25.22	24.55	24.68	25.55	0.02	0.00
GCC	18	25.24	24.62	24.74	25.40	0.02	0.00
GCC	19	25.15	24.69	24.84	25.32	0.03	0.00
GCC	20	25.09	24.75	24.81	25.36	0.02	0.00
GCC	21	25.11	24.79	24.81	25.29	0.02	0.00
GCC	22	25.08	24.79	24.89	25.23	0.03	0.00
GCC	23	25.06	24.84	24.83	25.27	0.03	0.00
GCC	24	24.94	24.88	24.94	25.24	0.02	0.00
GCC	25	25.00	24.81	24.95	25.24	0.02	0.00
GCC	26	24.94	24.90	24.90	25.26	0.02	0.00
GCC	27	24.91	24.98	25.04	25.07	0.02	0.00
GCC	28	24.96	24.92	24.98	25.14	0.02	0.00
GCC	29	24.94	25.01	25.03	25.03	0.02	0.00
GCC	30	24.94	24.98	25.01	25.07	0.02	0.00
GCC	31	24.84	25.00	25.08	25.07	0.01	0.00
GCC	32	24.79	25.11	25.02	25.08	0.02	0.00
GCC	33	24.83	25.07	25.03	25.07	1.69	0.00
GCC	34	24.78	25.13	25.09	25.00	0.02	0.00
GCC	35	24.82	25.06	25.09	25.03	0.02	0.00
GCC	36	24.71	25.14	25.18	24.97	0.02	0.00
GCC	37	24.77	25.08	25.11	25.05	0.02	0.00
GCC	38	24.72	25.06	25.24	24.98	0.01	0.00
GCC	39	24.77	25.14	25.20	24.90	0.01	0.00
GCC	40	24.78	25.18	25.19	24.85	0.01	0.00
GCC	41	24.75	25.17	25.20	24.88	0.01	0.00
GCC	42	24.79	25.16	25.23	24.81	0.01	0.00
GCC	43	24.71	25.16	25.28	24.85	0.03	0.00
GCC	44	24.72	25.25	25.23	24.80	0.02	0.00
GCC	45	24.76	25.22	25.23	24.79	0.02	0.00
GCC	46	24.66	25.26	25.26	24.83	0.01	0.00
GCC	47	24.67	25.25	25.28	24.80	0.02	0.00
GCC	48	24.61	25.26	25.35	24.78	0.02	0.00
GCC	49	24.66	25.26	25.27	24.80	0.03	0.00
GCC	50	24.71	25.25	25.29	24.75	0.02	0.00
GCC	51	24.61	25.28	25.39	24.72	0.49	0.00
GCC	52	24.69	25.24	25.27	24.80	0.01	0.00
GCC	53	24.70	25.26	25.29	24.76	0.02	0.00
GCC	54	24.66	25.20	25.36	24.77	0.02	0.00
GCC	55	24.67	25.19	25.33	24.81	0.03	0.00
GCC	56	24.61	25.24	25.33	24.82	0.02	0.00
GCC	57	24.64	25.31	25.29	24.76	0.01	0.00
GCC	58	24.70	25.29	25.26	24.74	0.03	0.00
GCC	59	24.65	25.32	25.29	24.74	0.01	0.00
GCC	60	24.60	25.30	25.37	24.73	0.01	0.00
GCC	61	24.71	25.28	25.28	24.73	0.01	0.00
GCC	62	24.57	25.30	25.31	24.81	0.02	0.00
GCC	63	24.60	25.33	25.44	24.64	0.02	0.00
GCC	64	24.68	25.30	25.26	24.77	0.01	0.00
GCC	65	24.61	25.25	25.33	24.81	0.01	0.00
GCC	66	24.59	25.35	25.35	24.70	0.01	0.00
GCC	67	24.60	25.29	25.33	24.78	0.03	0.00
GCC	68	24.56	25.35	25.35	24.74	0.01	0.00
GCC	69	24.58	25.42	25.37	24.63	0.01	0.00
GCC	70	24.57	25.32	25.38	24.72	0.35	0.00
GCC	71	24.55	25.41	25.37	24.67	0.48	0.00
GCC	72	24.60	25.37	25.39	24.65	0.03	0.00
GCC	73	24.56	25.40	25.35	24.69	0.01	0.00
GCC	74	24.54	25.39	25.43	24.64	0.03	0.00
GCC	75	24.55	25.29	25.44	24.72	0.01	0.00
GCC	76	24.59	25.44	25.29	24.68	0.02	0.00
GCC	77	24.51	25.42	25.36	24.71	0.02	0.00
GCC	78	24.48	25.48	25.46	24.58	0.02	0.00
GCC	79	24.52	25.40	25.43	24.65	0.02	0.00
GCC	80	24.53	25.41	25.41	24.65	0.02	0.00
GCC	81	24.48	25.45	25.42	24.65	0.01	0.00
GCC	82	24.47	25.41	25.47	24.64	0.01	0.00
GCC	83	24.54	25.38	25.39	24.69	0.03	0.00
GCC	84	24.49	25.46	25.45	24.59	0.03	0.00
GCC	85	24.48	25.43	25.46	24.63	0.02	0.00
GCC	86	24.51	25.39	25.43	24.68	0.02	0.00
GCC	87	24.45	25.39	25.53	24.63	0.04	0.00
GCC	88	24.44	25.43	25.49	24.65	0.02	0.00
GCC	89	24.45	25.49	25.42	24.64	0.02	0.00
GCC	90	24.44	25.47	25.51	24.58	0.02	0.00
GCC	91	24.46	25.49	25.50	24.55	0.02	0.00
GCC	92	24.41	25.53	25.38	24.67	0.03	0.00
GCC	93	24.39	25.59	25.46	24.56	0.04	0.00
GCC	94	24.40	25.60	25.46	24.54	0.02	0.00
GCC	95	24.45	25.43	25.46	24.66	0.03	0.00
GCC	96	24.40	25.54	25.58	24.48	0.03	0.00
GCC	97	24.45	25.53	25.45	24.57	0.03	0.00
GCC	98	24.38	25.58	25.51	24.53	0.04	0.00
GCC	99	24.34	25.51	25.58	24.58	0.03	0.00
GCC	100	24.33	25.57	25.55	24.54	0.08	0.00
GCC	101	24.02	25.92	25.83	24.23	0.09	0.00
# Insert sizes. Use `grep ^IS | cut -f 2-` to extract this part. The columns are: insert size, pairs total, inward oriented pairs, outward oriented pairs, other pairs
IS	0	455	0	1	454
IS	1	10	0	1	9
IS	2	0	0	0	0
IS	3	2	0	2	0
IS	4	3	0	3	0
IS	5	1	0	1	0
IS	6	0	0	0	0
IS	7	3	0	3	0
IS	8	4	0	3	1
IS	9	0	0	0	0
IS	10	0	0	0	0
IS	11	0	0	0	0
IS	12	0	0	0	0
IS	13	1	0	1	0
IS	14	1	0	1	0
IS	15	1	0	1	0
IS	16	1	0	1	0
IS	17	1	0	0	1
IS	18	4	0	4	0
IS	19	3	0	3	0
IS	20	2	0	2	0
IS	21	1	0	1	0
IS	22	1	0	1	0
IS	23	1	0	1	0
IS	24	1	0	1	0
IS	25	2	0	2	0
IS	26	1	0	1	0
IS	27	0	0	0	0
IS	28	0	0	0	0
IS	29	3	0	3	0
IS	30	0	0	0	0
IS	31	1	0	1	0
IS	32	3	0	3	0
IS	33	2	0	2	0
IS	34	1	0	1	0
IS	35	0	0	0	0
IS	36	1	0	1	0
IS	37	2	0	2	0
IS	38	4	1	3	0
IS	39	2	1	1	0
IS	40	1	0	1	0
IS	41	3	0	3	0
IS	42	4	0	3	1
IS	43	4	0	4	0
IS	44	0	0	0	0
IS	45	0	0	0	0
IS	46	1	0	1	0
IS	47	2	0	2	0
IS	48	1	0	1	0
IS	49	1	0	1	0
IS	50	4	1	3	0
IS	51	2	0	2	0
IS	52	0	0	0	0
IS	53	3	0	3	0
IS	54	2	0	2	0
IS	55	2	0	2	0
IS	56	0	0	0	0
IS	57	8	2	6	0
IS	58	1	0	1	0
IS	59	2	0	2	0
IS	60	5	2	3	0
IS	61	3	1	1	1
IS	62	6	2	4	0
IS	63	2	0	2	0
IS	64	0	0	0	0
IS	65	1	0	1	0
IS	66	7	1	6	0
IS	67	4	0	4	0
IS	68	4	1	3	0
IS	69	0	0	0	0
IS	70	2	0	2	0
IS	71	5	0	5	0
IS	72	3	0	3	0
IS	73	4	2	2	0
IS	74	2	1	1	0
IS	75	5	3	2	0
IS	76	14	7	7	0
IS	77	8	3	5	0
IS	78	9	2	7	0
IS	79	9	3	6	0
IS	80	15	3	12	0
IS	81	17	2	15	0
IS	82	17	4	13	0
IS	83	20	7	13	0
IS	84	25	5	20	0
IS	85	17	1	16	0
IS	86	17	4	13	0
IS	87	23	7	16	0
IS	88	27	8	18	1
IS	89	35	8	27	0
IS	90	31	6	25	0
IS	91	34	9	25	0
IS	92	32	5	27	0
IS	93	41	12	29	0
IS	94	36	9	27	0
IS	95	36	8	28	0
IS	96	37	4	33	0
IS	97	39	13	26	0
IS	98	43	7	36	0
IS	99	77	5	72	0
IS	100	123	13	110	0
IS	101	6	6	0	0
IS	102	154	153	1	0
IS	103	161	160	0	1
IS	104	148	148	0	0
IS	105	153	153	0	0
IS	106	166	165	0	1
IS	107	183	182	1	0
IS	108	141	141	0	0
IS	109	152	152	0	0
IS	110	180	179	1	0
IS	111	174	173	0	1
IS	112	163	162	0	1
IS	113	160	160	0	0
IS	114	180	180	0	0
IS	115	173	173	0	0
IS	116	200	200	0	0
IS	117	154	154	0	0
IS	118	186	184	0	2
IS	119	160	160	0	0
IS	120	168	167	1	0
IS	121	195	195	0	0
IS	122	183	183	0	0
IS	123	200	199	0	1
IS	124	214	214	0	0
IS	125	194	194	0	0
IS	126	200	199	1	0
IS	127	180	179	0	1
IS	128	171	171	0	0
IS	129	201	199	2	0
IS	130	208	206	2	0
IS	131	233	233	0	0
IS	132	197	197	0	0
IS	133	229	229	0	0
IS	134	204	204	0	0
IS	135	222	222	0	0
IS	136	227	227	0	0
IS	137	222	222	0	0
IS	138	217	217	0	0
IS	139	213	212	0	1
IS	140	213	212	0	1
IS	141	255	255	0	0
IS	142	201	201	0	0
IS	143	239	239	0	0
IS	144	194	194	0	0
IS	145	200	199	0	1
IS	146	252	252	0	0
IS	147	222	222	0	0
IS	148	245	245	0	0
IS	149	202	201	0	1
IS	150	223	223	0	0
IS	151	217	217	0	0
IS	152	239	239	0	0
IS	153	223	223	0	0
IS	154	237	237	0	0
IS	155	241	241	0	0
IS	156	221	221	0	0
IS	157	245	245	0	0
IS	158	270	270	0	0
IS	159	231	231	0	0
IS	160	229	229	0	0
IS	161	229	228	0	1
IS	162	243	243	0	0
IS	163	226	226	0	0
IS	164	263	263	0	0
IS	165	247	245	2	0
IS	166	262	260	1	1
IS	167	239	239	0	0
IS	168	248	248	0	0
IS	169	242	241	0	1
IS	170	231	231	0	0
IS	171	264	264	0	0
IS	172	242	242	0	0
IS	173	243	243	0	0
IS	174	246	246	0	0
IS	175	265	265	0	0
IS	176	232	232	0	0
IS	177	232	232	0	0
IS	178	226	225	1	0
IS	179	226	226	0	0
IS	180	247	247	0	0
IS	181	243	243	0	0
IS	182	233	233	0	0
IS	183	267	267	0	0
IS	184	258	257	0	1
IS	185	234	234	0	0
IS	186	277	275	0	2
IS	187	238	238	0	0
IS	188	252	251	0	1
IS	189	227	227	0	0
IS	190	246	245	0	1
IS	191	257	257	0	0
IS	192	250	249	0	1
IS	193	253	253	0	0
IS	194	238	238	0	0
IS	195	254	254	0	0
IS	196	248	248	0	0
IS	197	259	258	0	1
IS	198	270	270	0	0
IS	199	270	270	0	0
IS	200	272	272	0	0
IS	201	236	236	0	0
IS	202	232	232	0	0
IS	203	271	271	0	0
IS	204	267	267	0	0
IS	205	254	254	0	0
IS	206	235	235	0	0
IS	207	268	268	0	0
IS	208	264	264	0	0
IS	209	257	257	0	0
IS	210	274	274	0	0
IS	211	261	260	0	1
IS	212	266	265	0	1
IS	213	260	260	0	0
IS	214	226	226	0	0
IS	215	266	266	0	0
IS	216	281	280	0	1
IS	217	255	255	0	0
IS	218	243	243	0	0
IS	219	259	259	0	0
IS	220	260	260	0	0
IS	221	259	259	0	0
IS	222	292	292	0	0
IS	223	255	255	0	0
IS	224	257	256	0	1
IS	225	262	262	0	0
IS	226	249	249	0	0
IS	227	269	269	0	0
IS	228	258	258	0	0
IS	229	297	297	0	0
IS	230	259	258	1	0
IS	231	263	262	0	1
IS	232	266	266	0	0
IS	233	270	269	0	1
IS	234	246	246	0	0
IS	235	273	272	0	1
IS	236	276	276	0	0
IS	237	258	258	0	0
IS	238	296	295	0	1
IS	239	281	281	0	0
IS	240	268	268	0	0
IS	241	272	271	0	1
IS	242	261	261	0	0
IS	243	308	308	0	0
IS	244	306	306	0	0
IS	245	307	307	0	0
IS	246	268	268	0	0
IS	247	287	287	0	0
IS	248	315	315	0	0
IS	249	285	285	0	0
IS	250	269	269	0	0
IS	251	250	250	0	0
IS	252	255	255	0	0
IS	253	322	322	0	0
IS	254	253	253	0	0
IS	255	264	263	0	1
IS	256	302	302	0	0
IS	257	275	275	0	0
IS	258	279	279	0	0
IS	259	287	284	0	3
IS	260	278	278	0	0
IS	261	249	249	0	0
IS	262	274	273	0	1
IS	263	331	331	0	0
IS	264	286	286	0	0
IS	265	317	316	0	1
IS	266	312	312	0	0
IS	267	335	335	0	0
IS	268	339	339	0	0
IS	269	338	338	0	0
IS	270	292	290	0	2
IS	271	329	329	0	0
IS	272	305	305	0	0
IS	273	306	306	0	0
IS	274	361	361	0	0
IS	275	325	325	0	0
IS	276	330	330	0	0
IS	277	343	342	0	1
IS	278	331	331	0	0
IS	279	332	332	0	0
IS	280	343	343	0	0
IS	281	347	347	0	0
IS	282	335	335	0	0
IS	283	387	385	1	1
IS	284	362	362	0	0
IS	285	398	397	0	1
IS	286	384	384	0	0
IS	287	348	346	0	2
IS	288	405	404	0	1
IS	289	359	357	0	2
IS	290	414	414	0	0
IS	291	422	422	0	0
IS	292	399	399	0	0
IS	293	420	420	0	0
IS	294	403	403	0	0
IS	295	464	464	0	0
IS	296	412	412	0	0
IS	297	458	458	0	0
IS	298	463	462	0	1
IS	299	457	457	0	0
IS	300	469	468	0	1
IS	301	489	489	0	0
IS	302	520	520	0	0
IS	303	577	575	0	2
IS	304	573	573	0	0
IS	305	637	637	0	0
IS	306	616	616	0	0
IS	307	725	724	0	1
IS	308	714	714	0	0
IS	309	798	798	0	0
IS	310	887	885	2	0
IS	311	959	958	0	1
IS	312	994	993	1	0
IS	313	1080	1080	0	0
IS	314	1188	1188	0	0
IS	315	1393	1393	0	0
IS	316	1500	1499	0	1
IS	317	1739	1739	0	0
IS	318	1899	1899	0	0
IS	319	2213	2213	0	0
IS	320	2431	2431	0	0
IS	321	2725	2725	0	0
IS	322	3075	3075	0	0
IS	323	3533	3533	0	0
IS	324	3859	3859	0	0
IS	325	4308	4308	0	0
IS	326	4809	4809	0	0
IS	327	5392	5392	0	0
IS	328	6041	6041	0	0
IS	329	6581	6581	0	0
IS	330	7410	7410	0	0
IS	331	8164	8163	0	1
IS	332	8734	8733	0	1
IS	333	9392	9392	0	0
IS	334	10187	10187	0	0
IS	335	10608	10608	0	0
IS	336	11056	11056	0	0
IS	337	11587	11587	0	0
IS	338	11728	11728	0	0
IS	339	12141	12141	0	0
IS	340	12271	12271	0	0
IS	341	12279	12279	0	0
IS	342	12741	12741	0	0
IS	343	12716	12716	0	0
IS	344	12835	12835	0	0
IS	345	13072	13072	0	0
IS	346	12675	12675	0	0
IS	347	12513	12513	0	0
IS	348	12424	12424	0	0
IS	349	12398	12398	0	0
IS	350	12468	12468	0	0
IS	351	12448	12448	0	0
IS	352	12210	12210	0	0
IS	353	12057	12057	0	0
IS	354	11608	11608	0	0
IS	355	11526	11526	0	0
IS	356	11215	11215	0	0
IS	357	10989	10989	0	0
IS	358	10490	10488	0	2
IS	359	10137	10137	0	0
IS	360	9588	9588	0	0
IS	361	9003	9003	0	0
IS	362	8416	8415	0	1
IS	363	7887	7887	0	0
IS	364	7052	7052	0	0
IS	365	6264	6264	0	0
IS	366	5580	5580	0	0
IS	367	4822	4821	0	1
IS	368	4239	4239	0	0
IS	369	3613	3613	0	0
IS	370	3078	3078	0	0
IS	371	2474	2474	0	0
IS	372	1980	1980	0	0
IS	373	1605	1605	0	0
IS	374	1283	1282	1	0
IS	375	1007	1007	0	0
IS	376	817	817	0	0
IS	377	620	620	0	0
IS	378	476	475	0	1
IS	379	403	403	0	0
IS	380	340	339	0	1
IS	381	236	234	0	2
IS	382	252	252	0	0
IS	383	226	226	0	0
IS	384	207	207	0	0
IS	385	205	205	0	0
IS	386	183	183	0	0
IS	387	181	181	0	0
IS	388	157	157	0	0
IS	389	177	176	1	0
IS	390	177	177	0	0
IS	391	179	179	0	0
IS	392	173	173	0	0
IS	393	173	173	0	0
IS	394	181	181	0	0
IS	395	155	154	0	1
IS	396	181	181	0	0
IS	397	160	160	0	0
IS	398	170	170	0	0
IS	399	166	165	0	1
IS	400	145	145	0	0
IS	401	159	159	0	0
IS	402	138	138	0	0
IS	403	127	127	0	0
IS	404	154	154	0	0
IS	405	141	141	0	0
IS	406	176	176	0	0
IS	407	158	158	0	0
IS	408	144	144	0	0
IS	409	137	137	0	0
IS	410	151	151	0	0
IS	411	137	137	0	0
IS	412	131	131	0	0
IS	413	156	156	0	0
IS	414	149	149	0	0
IS	415	143	143	0	0
IS	416	129	129	0	0
IS	417	146	145	0	1
IS	418	154	154	0	0
IS	419	121	121	0	0
IS	420	151	151	0	0
IS	421	132	132	0	0
IS	422	143	143	0	0
IS	423	182	182	0	0
IS	424	137	137	0	0
IS	425	104	104	0	0
IS	426	123	123	0	0
IS	427	111	111	0	0
IS	428	116	115	0	1
IS	429	128	128	0	0
IS	430	135	135	0	0
IS	431	102	102	0	0
IS	432	114	114	0	0
IS	433	111	111	0	0
IS	434	110	110	0	0
IS	435	108	108	0	0
IS	436	119	119	0	0
IS	437	104	104	0	0
IS	438	112	112	0	0
IS	439	106	106	0	0
IS	440	92	92	0	0
IS	441	111	111	0	0
IS	442	118	117	1	0
IS	443	109	109	0	0
IS	444	100	100	0	0
IS	445	104	103	0	1
IS	446	86	86	0	0
IS	447	119	119	0	0
IS	448	94	93	0	1
IS	449	90	90	0	0
IS	450	90	90	0	0
IS	451	77	77	0	0
IS	452	89	89	0	0
IS	453	105	105	0	0
IS	454	99	99	0	0
IS	455	85	85	0	0
IS	456	93	93	0	0
IS	457	86	86	0	0
IS	458	73	73	0	0
IS	459	73	73	0	0
IS	460	92	92	0	0
IS	461	101	101	0	0
IS	462	114	114	0	0
IS	463	87	87	0	0
IS	464	96	96	0	0
IS	465	99	99	0	0
IS	466	85	85	0	0
IS	467	96	96	0	0
IS	468	71	71	0	0
IS	469	83	83	0	0
IS	470	98	98	0	0
IS	471	87	87	0	0
IS	472	71	71	0	0
IS	473	76	76	0	0
IS	474	102	102	0	0
IS	475	66	66	0	0
IS	476	74	74	0	0
IS	477	65	65	0	0
IS	478	81	81	0	0
IS	479	78	78	0	0
IS	480	71	71	0	0
IS	481	61	61	0	0
IS	482	86	86	0	0
IS	483	85	85	0	0
IS	484	69	69	0	0
IS	485	59	59	0	0
IS	486	75	75	0	0
IS	487	68	68	0	0
IS	488	56	56	0	0
IS	489	65	65	0	0
IS	490	85	85	0	0
IS	491	65	64	0	1
IS	492	86	86	0	0
IS	493	78	78	0	0
IS	494	72	72	0	0
IS	495	64	64	0	0
IS	496	76	76	0	0
# Read lengths. Use `grep ^RL | cut -f 2-` to extract this part. The columns are: read length, count
RL	101	1171868
# Indel distribution. Use `grep ^ID | cut -f 2-` to extract this part. The columns are: length, number of insertions, number of deletions
ID	1	7096	6690
ID	2	1609	1663
ID	3	501	628
ID	4	548	615
ID	5	342	197
ID	6	160	144
ID	7	152	108
ID	8	90	86
ID	9	28	48
ID	10	26	60
ID	11	25	1
ID	12	23	64
ID	13	35	30
ID	14	54	52
ID	15	12	33
ID	16	11	29
ID	17	2	27
ID	18	9	47
ID	19	5	21
ID	20	1	9
ID	21	0	31
ID	22	0	15
ID	23	0	1
ID	25	0	4
ID	28	0	3
ID	30	0	2
ID	33	0	4
ID	42	0	2
# Indels per cycle. Use `grep ^IC | cut -f 2-` to extract this part. The columns are: cycle, number of insertions (fwd), .. (rev) , number of deletions (fwd), .. (rev)
IC	2	0	0	1	0
IC	3	0	0	35	23
IC	4	32	37	29	38
IC	5	31	45	36	28
IC	6	31	36	39	33
IC	7	46	46	48	28
IC	8	48	51	46	43
IC	9	39	38	39	54
IC	10	49	53	44	38
IC	11	52	43	47	45
IC	12	58	37	40	53
IC	13	53	65	49	43
IC	14	51	51	42	57
IC	15	48	57	46	47
IC	16	65	69	58	55
IC	17	54	60	54	67
IC	18	69	45	49	53
IC	19	44	57	87	52
IC	20	49	56	54	65
IC	21	64	46	54	64
IC	22	64	63	65	71
IC	23	47	65	74	66
IC	24	57	45	68	66
IC	25	51	53	73	65
IC	26	62	47	72	57
IC	27	64	66	62	76
IC	28	59	57	74	55
IC	29	53	61	55	67
IC	30	63	64	70	70
IC	31	52	46	61	74
IC	32	53	76	76	62
IC	33	74	75	79	66
IC	34	67	64	54	46
IC	35	77	51	96	71
IC	36	72	64	70	61
IC	37	75	72	47	71
IC	38	67	63	70	52
IC	39	66	64	62	61
IC	40	68	74	70	53
IC	41	66	62	61	70
IC	42	68	78	76	74
IC	43	63	62	64	54
IC	44	49	69	55	52
IC	45	49	61	65	65
IC	46	84	57	63	66
IC	47	71	60	61	60
IC	48	66	54	61	59
IC	49	65	49	78	76
IC	50	71	69	63	77
IC	51	75	54	69	59
IC	52	56	57	59	53
IC	53	72	64	52	61
IC	54	59	47	74	55
IC	55	63	54	49	61
IC	56	76	71	82	66
IC	57	72	62	69	66
IC	58	61	50	50	47
IC	59	42	64	57	56
IC	60	65	62	61	52
IC	61	67	61	56	57
IC	62	58	70	76	47
IC	63	49	66	63	65
IC	64	70	72	73	59
IC	65	54	64	68	75
IC	66	69	63	43	64
IC	67	64	61	59	59
IC	68	64	55	68	50
IC	69	50	52	59	51
IC	70	73	52	84	44
IC	71	51	68	55	60
IC	72	53	53	62	46
IC	73	62	61	52	60
IC	74	58	65	60	45
IC	75	56	59	63	45
IC	76	67	61	71	54
IC	77	64	49	39	48
IC	78	46	54	57	44
IC	79	60	61	60	59
IC	80	48	53	53	45
IC	81	54	60	55	35
IC	82	38	58	54	45
IC	83	59	54	57	67
IC	84	58	46	65	46
IC	85	49	51	59	39
IC	86	49	52	51	25
IC	87	57	47	43	57
IC	88	48	42	51	44
IC	89	58	37	36	39
IC	90	54	30	43	34
IC	91	42	51	47	34
IC	92	39	39	35	35
IC	93	49	48	36	23
IC	94	46	38	34	35
IC	95	41	43	43	29
IC	96	43	47	33	43
IC	97	41	39	41	47
IC	98	54	50	31	36
# Coverage distribution. Use `grep ^COV | cut -f 2-` to extract this part.
COV	[1-1]	1	896380
COV	[2-2]	2	108754
COV	[3-3]	3	54602
COV	[4-4]	4	42760
COV	[5-5]	5	38869
COV	[6-6]	6	36201
COV	[7-7]	7	35755
COV	[8-8]	8	34964
COV	[9-9]	9	36855
COV	[10-10]	10	36575
COV	[11-11]	11	36844
COV	[12-12]	12	37397
COV	[13-13]	13	38097
COV	[14-14]	14	40511
COV	[15-15]	15	42052
COV	[16-16]	16	41984
COV	[17-17]	17	43199
COV	[18-18]	18	44486
COV	[19-19]	19	44585
COV	[20-20]	20	45342
COV	[21-21]	21	46169
COV	[22-22]	22	46089
COV	[23-23]	23	46317
COV	[24-24]	24	47474
COV	[25-25]	25	47957
COV	[26-26]	26	47772
COV	[27-27]	27	48076
COV	[28-28]	28	46314
COV	[29-29]	29	46373
COV	[30-30]	30	45250
COV	[31-31]	31	44394
COV	[32-32]	32	43820
COV	[33-33]	33	43145
COV	[34-34]	34	42583
COV	[35-35]	35	41702
COV	[36-36]	36	40457
COV	[37-37]	37	39867
COV	[38-38]	38	40064
COV	[39-39]	39	39582
COV	[40-40]	40	39398
COV	[41-41]	41	38603
COV	[42-42]	42	38675
COV	[43-43]	43	39404
COV	[44-44]	44	38841
COV	[45-45]	45	38507
COV	[46-46]	46	38437
COV	[47-47]	47	39024
COV	[48-48]	48	38683
COV	[49-49]	49	38516
COV	[50-50]	50	38742
COV	[51-51]	51	38745
COV	[52-52]	52	38797
COV	[53-53]	53	39275
COV	[54-54]	54	38160
COV	[55-55]	55	37419
COV	[56-56]	56	37181
COV	[57-57]	57	36888
COV	[58-58]	58	36108
COV	[59-59]	59	35315
COV	[60-60]	60	34642
COV	[61-61]	61	33590
COV	[62-62]	62	33108
COV	[63-63]	63	31760
COV	[64-64]	64	30706
COV	[65-65]	65	29744
COV	[66-66]	66	28798
COV	[67-67]	67	27695
COV	[68-68]	68	26490
COV	[69-69]	69	25155
COV	[70-70]	70	23843
COV	[71-71]	71	22878
COV	[72-72]	72	21940
COV	[73-73]	73	20105
COV	[74-74]	74	18644
COV	[75-75]	75	17777
COV	[76-76]	76	16241
COV	[77-77]	77	15078
COV	[78-78]	78	13728
COV	[79-79]	79	12514
COV	[80-80]	80	11220
COV	[81-81]	81	9904
COV	[82-82]	82	9033
COV	[83-83]	83	8290
COV	[84-84]	84	7369
COV	[85-85]	85	6584
COV	[86-86]	86	6117
COV	[87-87]	87	5362
COV	[88-88]	88	4578
COV	[89-89]	89	3914
COV	[90-90]	90	3505
COV	[91-91]	91	2868
COV	[92-92]	92	2400
COV	[93-93]	93	2031
COV	[94-94]	94	1823
COV	[95-95]	95	1560
COV	[96-96]	96	1390
COV	[97-97]	97	1272
COV	[98-98]	98	1207
COV	[99-99]	99	1088
COV	[100-100]	100	926
COV	[101-101]	101	752
COV	[102-102]	102	662
COV	[103-103]	103	611
COV	[104-104]	104	559
COV	[105-105]	105	581
COV	[106-106]	106	542
COV	[107-107]	107	552
COV	[108-108]	108	529
COV	[109-109]	109	437
COV	[110-110]	110	436
COV	[111-111]	111	416
COV	[112-112]	112	422
COV	[113-113]	113	417
COV	[114-114]	114	352
COV	[115-115]	115	339
COV	[116-116]	116	293
COV	[117-117]	117	308
COV	[118-118]	118	263
COV	[119-119]	119	250
COV	[120-120]	120	254
COV	[121-121]	121	190
COV	[122-122]	122	204
COV	[123-123]	123	205
COV	[124-124]	124	228
COV	[125-125]	125	183
COV	[126-126]	126	160
COV	[127-127]	127	142
COV	[128-128]	128	151
COV	[129-129]	129	157
COV	[130-130]	130	127
COV	[131-131]	131	106
COV	[132-132]	132	116
COV	[133-133]	133	118
COV	[134-134]	134	95
COV	[135-135]	135	124
COV	[136-136]	136	109
COV	[137-137]	137	86
COV	[138-138]	138	100
COV	[139-139]	139	120
COV	[140-140]	140	122
COV	[141-141]	141	112
COV	[142-142]	142	141
COV	[143-143]	143	110
COV	[144-144]	144	96
COV	[145-145]	145	93
COV	[146-146]	146	104
COV	[147-147]	147	100
COV	[148-148]	148	82
COV	[149-149]	149	92
COV	[150-150]	150	87
COV	[151-151]	151	81
COV	[152-152]	152	72
COV	[153-153]	153	64
COV	[154-154]	154	71
COV	[155-155]	155	94
COV	[156-156]	156	54
COV	[157-157]	157	75
COV	[158-158]	158	52
COV	[159-159]	159	63
COV	[160-160]	160	79
COV	[161-161]	161	93
COV	[162-162]	162	63
COV	[163-163]	163	84
COV	[164-164]	164	78
COV	[165-165]	165	88
COV	[166-166]	166	85
COV	[167-167]	167	73
COV	[168-168]	168	92
COV	[169-169]	169	68
COV	[170-170]	170	75
COV	[171-171]	171	65
COV	[172-172]	172	73
COV	[173-173]	173	70
COV	[174-174]	174	56
COV	[175-175]	175	61
COV	[176-176]	176	70
COV	[177-177]	177	80
COV	[178-178]	178	67
COV	[179-179]	179	67
COV	[180-180]	180	49
COV	[181-181]	181	61
COV	[182-182]	182	36
COV	[183-183]	183	49
COV	[184-184]	184	47
COV	[185-185]	185	32
COV	[186-186]	186	52
COV	[187-187]	187	52
COV	[188-188]	188	43
COV	[189-189]	189	56
COV	[190-190]	190	43
COV	[191-191]	191	43
COV	[192-192]	192	42
COV	[193-193]	193	48
COV	[194-194]	194	42
COV	[195-195]	195	34
COV	[196-196]	196	37
COV	[197-197]	197	38
COV	[198-198]	198	39
COV	[199-199]	199	39
COV	[200-200]	200	32
COV	[201-201]	201	28
COV	[202-202]	202	30
COV	[203-203]	203	41
COV	[204-204]	204	37
COV	[205-205]	205	29
COV	[206-206]	206	39
COV	[207-207]	207	36
COV	[208-208]	208	44
COV	[209-209]	209	57
COV	[210-210]	210	53
COV	[211-211]	211	44
COV	[212-212]	212	49
COV	[213-213]	213	43
COV	[214-214]	214	61
COV	[215-215]	215	34
COV	[216-216]	216	42
COV	[217-217]	217	36
COV	[218-218]	218	45
COV	[219-219]	219	55
COV	[220-220]	220	47
COV	[221-221]	221	50
COV	[222-222]	222	45
COV	[223-223]	223	35
COV	[224-224]	224	42
COV	[225-225]	225	24
COV	[226-226]	226	25
COV	[227-227]	227	20
COV	[228-228]	228	30
COV	[229-229]	229	35
COV	[230-230]	230	18
COV	[231-231]	231	32
COV	[232-232]	232	21
COV	[233-233]	233	20
COV	[234-234]	234	19
COV	[235-235]	235	30
COV	[236-236]	236	22
COV	[237-237]	237	29
COV	[238-238]	238	23
COV	[239-239]	239	39
COV	[240-240]	240	26
COV	[241-241]	241	31
COV	[242-242]	242	42
COV	[243-243]	243	32
COV	[244-244]	244	45
COV	[245-245]	245	35
COV	[246-246]	246	43
COV	[247-247]	247	41
COV	[248-248]	248	38
COV	[249-249]	249	41
COV	[250-250]	250	24
COV	[251-251]	251	44
COV	[252-252]	252	55
COV	[253-253]	253	40
COV	[254-254]	254	44
COV	[255-255]	255	24
COV	[256-256]	256	29
COV	[257-257]	257	24
COV	[258-258]	258	28
COV	[259-259]	259	23
COV	[260-260]	260	28
COV	[261-261]	261	21
COV	[262-262]	262	24
COV	[263-263]	263	17
COV	[264-264]	264	12
COV	[265-265]	265	15
COV	[266-266]	266	16
COV	[267-267]	267	14
COV	[268-268]	268	11
COV	[269-269]	269	17
COV	[270-270]	270	11
COV	[271-271]	271	13
COV	[272-272]	272	21
COV	[273-273]	273	16
COV	[274-274]	274	18
COV	[275-275]	275	21
COV	[276-276]	276	12
COV	[277-277]	277	15
COV	[278-278]	278	20
COV	[279-279]	279	19
COV	[280-280]	280	15
COV	[281-281]	281	21
COV	[282-282]	282	15
COV	[283-283]	283	19
COV	[284-284]	284	26
COV	[285-285]	285	22
COV	[286-286]	286	18
COV	[287-287]	287	12
COV	[288-288]	288	11
COV	[289-289]	289	11
COV	[290-290]	290	13
COV	[291-291]	291	14
COV	[292-292]	292	14
COV	[293-293]	293	13
COV	[294-294]	294	6
COV	[295-295]	295	13
COV	[296-296]	296	12
COV	[297-297]	297	12
COV	[298-298]	298	20
COV	[299-299]	299	11
COV	[300-300]	300	15
COV	[301-301]	301	12
COV	[302-302]	302	6
COV	[303-303]	303	5
COV	[304-304]	304	7
COV	[305-305]	305	5
COV	[306-306]	306	7
COV	[307-307]	307	5
COV	[308-308]	308	2
COV	[309-309]	309	5
COV	[310-310]	310	3
COV	[311-311]	311	1
COV	[312-312]	312	4
COV	[313-313]	313	9
COV	[314-314]	314	8
COV	[315-315]	315	4
COV	[316-316]	316	4
COV	[317-317]	317	4
COV	[318-318]	318	2
COV	[319-319]	319	7
COV	[320-320]	320	6
COV	[321-321]	321	5
COV	[323-323]	323	6
COV	[324-324]	324	5
COV	[325-325]	325	5
COV	[326-326]	326	5
COV	[327-327]	327	2
COV	[328-328]	328	2
COV	[329-329]	329	1
COV	[330-330]	330	2
COV	[332-332]	332	2
COV	[333-333]	333	2
COV	[336-336]	336	1
COV	[338-338]	338	2
COV	[340-340]	340	1
COV	[347-347]	347	1
COV	[350-350]	350	1
COV	[352-352]	352	1
COV	[353-353]	353	1
COV	[355-355]	355	2
COV	[357-357]	357	1
COV	[358-358]	358	1
COV	[362-362]	362	1
COV	[363-363]	363	1
COV	[366-366]	366	1
COV	[368-368]	368	1
COV	[374-374]	374	1
COV	[379-379]	379	2
COV	[380-380]	380	1
COV	[383-383]	383	1
COV	[386-386]	386	1
COV	[388-388]	388	1
COV	[394-394]	394	1
COV	[398-398]	398	1
COV	[401-401]	401	1
COV	[403-403]	403	1
COV	[405-405]	405	1
COV	[407-407]	407	1
COV	[408-408]	408	1
COV	[415-415]	415	1
COV	[422-422]	422	1
COV	[426-426]	426	2
COV	[432-432]	432	1
COV	[433-433]	433	1
COV	[440-440]	440	1
COV	[444-444]	444	1
COV	[446-446]	446	1
COV	[462-462]	462	1
COV	[469-469]	469	1
COV	[471-471]	471	1
COV	[485-485]	485	1
COV	[488-488]	488	1
COV	[490-490]	490	1
COV	[497-497]	497	1
COV	[500-500]	500	1
COV	[505-505]	505	1
COV	[521-521]	521	1
COV	[522-522]	522	1
COV	[525-525]	525	1
COV	[533-533]	533	1
COV	[534-534]	534	1
COV	[543-543]	543	1
COV	[545-545]	545	1
COV	[553-553]	553	1
COV	[557-557]	557	1
COV	[572-572]	572	2
COV	[580-580]	580	1
COV	[586-586]	586	1
COV	[597-597]	597	1
COV	[601-601]	601	1
COV	[618-618]	618	1
COV	[622-622]	622	1
COV	[626-626]	626	1
COV	[634-634]	634	1
COV	[641-641]	641	1
COV	[647-647]	647	1
COV	[650-650]	650	1
COV	[659-659]	659	1
COV	[666-666]	666	1
COV	[669-669]	669	1
COV	[672-672]	672	1
COV	[687-687]	687	1
COV	[692-692]	692	1
COV	[695-695]	695	1
COV	[696-696]	696	1
COV	[715-715]	715	1
COV	[717-717]	717	1
COV	[719-719]	719	1
COV	[726-726]	726	1
COV	[733-733]	733	1
COV	[742-742]	742	1
COV	[745-745]	745	2
COV	[751-751]	751	1
COV	[772-772]	772	1
COV	[778-778]	778	2
COV	[782-782]	782	1
COV	[793-793]	793	1
COV	[802-802]	802	1
COV	[807-807]	807	1
COV	[811-811]	811	1
COV	[816-816]	816	1
COV	[825-825]	825	1
COV	[833-833]	833	1
COV	[836-836]	836	1
COV	[841-841]	841	1
COV	[847-847]	847	1
COV	[860-860]	860	2
COV	[868-868]	868	1
COV	[875-875]	875	1
COV	[881-881]	881	1
COV	[884-884]	884	1
COV	[887-887]	887	1
COV	[900-900]	900	1
COV	[905-905]	905	1
COV	[912-912]	912	1
COV	[916-916]	916	1
COV	[931-931]	931	1
COV	[935-935]	935	1
COV	[943-943]	943	1
COV	[959-959]	959	1
COV	[960-960]	960	2
COV	[966-966]	966	1
COV	[984-984]	984	1
COV	[992-992]	992	1
COV	[998-998]	998	1
COV	[1000-1000]	1000	1
COV	[1000<]	1000	285
# GC-depth. Use `grep ^GCD | cut -f 2-` to extract this part. The columns are: GC%, unique sequence percentiles, 10th, 25th, 50th, 75th and 90th depth percentile
GCD	0.0	0.135	0.000	0.000	0.000	0.000	0.000
GCD	5.9	0.203	0.051	0.051	0.051	0.051	0.051
GCD	13.0	0.270	0.005	0.005	0.005	0.005	0.005
GCD	22.0	0.338	0.051	0.051	0.051	0.051	0.051
GCD	24.0	0.405	0.005	0.005	0.005	0.005	0.005
GCD	25.0	0.473	0.035	0.035	0.035	0.035	0.035
GCD	26.0	0.608	0.025	0.025	0.025	0.025	0.025
GCD	27.0	1.014	0.005	0.005	0.015	0.020	0.025
GCD	28.0	1.149	0.005	0.005	0.005	0.030	0.030
GCD	29.0	1.554	0.015	0.015	0.025	0.061	0.096
GCD	30.0	1.892	0.010	0.010	0.015	0.015	0.025
GCD	31.0	2.500	0.015	0.015	0.030	0.045	2.020
GCD	32.0	3.514	0.010	0.020	0.025	1.222	1.661
GCD	33.0	4.730	0.015	0.020	1.338	4.747	6.318
GCD	34.0	6.419	0.010	0.015	1.005	2.555	5.631
GCD	35.0	10.000	0.010	0.015	0.061	3.545	7.338
GCD	36.0	13.851	0.015	0.020	0.040	3.919	8.125
GCD	37.0	18.581	0.015	0.025	0.040	4.116	7.671
GCD	38.0	22.432	0.015	0.020	0.040	1.687	4.242
GCD	39.0	26.892	0.015	0.025	0.045	2.990	7.989
GCD	40.0	31.689	0.020	0.025	0.040	3.636	9.418
GCD	41.0	37.500	0.015	0.025	0.051	2.151	6.838
GCD	42.0	42.162	0.010	0.020	0.035	0.631	3.500
GCD	43.0	48.041	0.015	0.025	0.040	2.550	7.802
GCD	44.0	52.432	0.015	0.025	0.035	1.798	6.540
GCD	45.0	57.230	0.015	0.025	0.040	2.949	9.842
GCD	46.0	62.365	0.015	0.025	0.040	9.221	15.877
GCD	47.0	67.838	0.015	0.025	0.045	3.949	11.509
GCD	48.0	72.905	0.020	0.025	0.056	4.454	10.549
GCD	49.0	75.135	0.025	0.035	0.066	8.969	17.872
GCD	50.0	79.122	0.015	0.025	0.035	4.641	14.493
GCD	51.0	82.027	0.020	0.025	0.086	10.459	18.776
GCD	52.0	83.784	0.015	0.030	0.500	12.211	18.241
GCD	53.0	86.149	0.015	0.025	0.045	7.918	25.942
GCD	54.0	88.514	0.015	0.030	0.848	15.812	20.968
GCD	55.0	90.203	0.025	0.045	3.752	11.302	18.261
GCD	56.0	91.149	0.010	0.025	8.277	22.361	26.821
GCD	57.0	92.230	0.005	0.020	2.969	12.347	17.640
GCD	58.0	93.446	0.015	6.706	16.261	25.179	31.431
GCD	59.0	94.595	0.020	2.273	5.227	17.781	30.684
GCD	60.0	95.405	0.005	0.025	4.449	17.720	31.199
GCD	61.0	96.149	0.040	3.464	8.802	33.254	41.562
GCD	62.0	97.027	0.470	1.530	6.732	14.084	26.674
GCD	63.0	97.500	3.479	4.828	8.014	17.200	26.654
GCD	64.0	98.243	2.803	2.974	13.564	24.210	44.768
GCD	65.0	98.649	3.010	3.010	19.791	46.556	50.480
GCD	66.0	98.986	0.621	0.621	3.126	12.711	13.261
GCD	67.0	99.054	10.135	10.135	10.135	10.135	10.135
GCD	68.0	99.257	0.258	0.258	2.813	3.914	3.914
GCD	69.0	99.324	3.803	3.803	3.803	3.803	3.803
GCD	70.0	99.459	0.374	0.374	0.374	2.954	2.954
GCD	71.0	99.662	1.606	1.606	3.747	3.868	3.868
GCD	72.0	99.730	2.677	2.677	2.677	2.677	2.677
GCD	73.0	99.797	2.515	2.515	2.515	2.515	2.515
GCD	74.0	99.865	1.874	1.874	1.874	1.874	1.874
GCD	75.0	99.932	2.404	2.404	2.404	2.404	2.404
GCD	79.0	100.000	35.209	35.209	35.209	35.209	35.209
