# Position (bp)	A	C	G	T	N
0.0	25.25836281148711	25.804470191397854	23.302972184498923	25.578438880161762	0.055755932454348386
1.0	25.602697029451054	24.777859377439558	25.01101595434017	24.585875291301154	0.0225523474680653
2.0	24.939283230155265	24.97798944880034	25.13373865099007	24.940900803471774	0.008087866582552854
3.0	24.493511828249797	25.193098976061957	25.269253935249825	25.01990413706047	0.02423112337795706
4.0	24.846232450223553	24.56605812465223	25.290225809907714	25.289880200131105	0.0076034150854059354
5.0	24.806017009091068	25.200365712708518	25.414733161977377	24.57370893638554	0.005175179837499353
6.0	24.815926984466273	24.632859518416495	25.354671667982497	25.18746315379391	0.009078675340823815
7.0	24.934896132348012	24.98484354403869	25.053506882408865	25.019060391587704	0.0076930496167253795
8.0	24.674600607090987	25.110646118265727	24.985258656094196	25.21962881640201	0.009865802147073872
9.0	24.814492663936917	25.073601289010977	25.107866427842083	24.99510088734104	0.008938731868985694
10.0	24.743849526622476	25.11110347906721	25.127588693890168	25.00852880905771	0.008929491362434316
11.0	24.774521727490214	25.144188249615862	25.057692461709024	25.019821951395315	0.003775609789584122
12.0	24.75751190001132	25.100305404085855	25.033644759364222	25.102249196470535	0.00628874006807847
13.0	24.752372301346544	25.103718557366562	25.029564502030954	25.110916870904532	0.0034277683514148116
14.0	24.76523784512092	25.112699536413253	25.048870720957318	25.062915344036174	0.010276553472333234
15.0	24.846069933772416	25.03069472780965	25.096192028042886	25.022821358966286	0.004221951408762489
16.0	24.66961156333866	25.094694053521387	25.13233215970875	25.098115699538422	0.005246523892783863
17.0	24.68207598255764	25.24821158833756	25.103086613275572	24.960241684954543	0.00638413087468293
18.0	24.671124971940937	25.22319063186165	25.114030899724593	24.98230997034	0.009343526132817085
19.0	24.583394074128066	25.28665858814097	25.144639017456903	24.983486096432088	0.0018222238419767485
20.0	24.599743179924317	25.246802271309466	25.18635392902841	24.9650515233893	0.002049096348510307
21.0	24.618322348057244	25.259345071191873	25.184352354247842	24.928079822293434	0.009900404209606351
22.0	24.60918925682824	25.243268454161782	25.24247215807615	24.895742091073522	0.009328039860306916
23.0	24.630234880171763	25.280152659602294	25.26366305714955	24.820945661642455	0.005003741433935829
24.0	24.63015489555208	25.18300412107432	25.19630524371181	24.986215716924825	0.0043200227369617735
25.0	24.56525173404919	25.295126477905434	25.224321126702936	24.91052726687935	0.004773394463089727
26.0	24.623382230958903	25.24901428295476	25.282647971184108	24.842001204449645	0.002954310452577636
27.0	24.599896395659524	25.223226457276844	25.327966810258644	24.839708635512658	0.009201701292327827
28.0	24.668081037063622	25.308522793093815	25.258436817848324	24.759053522713593	0.005905829280647279
29.0	24.61707739981673	25.283167984048344	25.237293351244123	24.85280942383051	0.009651841060294482
30.0	24.470287992589025	25.333198615891817	25.162682663227585	24.80291897881152	0.2309117494800512
31.0	24.522268773546035	25.29117909798896	25.21047416136674	24.802182098033228	0.1738958690650373
32.0	24.41646285756439	25.11034064019702	25.116242119539006	24.549359632746402	0.8075947499531854
33.0	24.597725408231693	25.29646511237364	25.346845175484876	24.754992902538405	0.003971401371381628
34.0	24.65358216574962	25.218673776164273	25.318849622780647	24.797889840603553	0.011004594701911622
35.0	24.501633903526532	25.308774305803677	25.37263322183544	24.811173835765757	0.005784733068596726
36.0	24.54604531211192	25.277090697940803	25.300339891874234	24.871760848584238	0.0047632494888012605
37.0	24.575106478520595	25.24754271614346	25.3420012972463	24.832741408011177	0.0026081000784697935
38.0	24.58640206073359	25.301128324202736	25.4380872909335	24.670074012262816	0.004308311867358415
39.0	24.537997456180324	25.337078779057244	25.328916790796907	24.79079237035475	0.005214603610772917
40.0	24.614847525865745	25.31193043225941	25.332219511973957	24.738282206363742	0.002720323537146018
41.0	24.59721339104672	25.278167860717154	25.42097788598093	24.701147353877577	0.0024935083776214425
42.0	24.578470549036584	25.3080865203506	25.368037879285843	24.738151956862218	0.007253094464755628
43.0	24.51349917953274	25.351871662602104	25.34960517846296	24.772331668222986	0.012692311179206368
44.0	24.562029734384915	25.29587072794851	25.360348109872177	24.77676547910434	0.004985948690055299
45.0	24.507361114415954	25.333043262481265	25.354232031753693	24.80332403067046	0.002039560678629823
46.0	24.56513857100773	25.32495637789209	25.349769992521924	24.752090462054433	0.00804459652382787
47.0	24.58706033637914	25.24633625451064	25.403026165968946	24.75734590176007	0.006231341381205141
48.0	24.514892271925444	25.350228122709282	25.381384688417345	24.74125888386985	0.012236033078076088
49.0	24.593323227310734	25.33926552328124	25.37382086961645	24.688265457569432	0.005324922222146691
50.0	24.350623969727696	25.23148908690258	25.36234429080445	24.581858143895406	0.47368450866986533
51.0	24.60622182544493	25.312377147893827	25.344439069320597	24.731070720894742	0.005891236445907687
52.0	24.638505418311798	25.285643881244653	25.363703825390445	24.700364241974498	0.011782633078609423
53.0	24.45242821405264	25.432913675585528	25.420450837502717	24.688882242041913	0.005325030817199623
54.0	24.577631792137396	25.313766523941656	25.363733495886503	24.736483707481334	0.008384480553103788
55.0	24.550082658112675	25.350829583786094	25.35717482615735	24.739080234456708	0.002832697487170713
56.0	24.590760235243458	25.36040068442702	25.352015320286913	24.690818026266587	0.006005733776020125
57.0	24.60910498129098	25.344320775285507	25.31270468303451	24.721404434411905	0.012465125977095898
58.0	24.551671146933096	25.357665788745994	25.346332905705882	24.737303771130158	0.007026387484870601
59.0	24.53569012082767	25.43036570176045	25.328703173752253	24.70354096138524	0.0017000422743845564
60.0	24.604456474060573	25.353096058222736	25.330993905473058	24.70873329728982	0.002720264953806501
61.0	24.49438584359714	25.305703710841186	25.361476854712095	24.833672468811816	0.004761122037760233
62.0	24.499041960975497	25.38542646908765	25.36887336878267	24.743030124375007	0.0036280767791748393
63.0	24.564130824250835	25.292318089251133	25.34969316805682	24.79204368670032	0.001814231740891423
64.0	24.599983896155152	25.24062206204063	25.285644783204823	24.868419112768876	0.005330145830521776
65.0	24.549285151221284	25.368313002251448	25.342906238834917	24.733711032093055	0.005784575599299045
66.0	24.570071118785048	25.304742122082903	25.256981700157578	24.857654656981474	0.01055040199300497
67.0	24.439905823617845	25.38314469690523	25.264459762289732	24.908745355005248	0.0037443621819419626
68.0	24.345809983589923	25.16324960336645	25.060771750158313	24.614658305018576	0.8155103578667358
69.0	24.528002052239017	25.242085883024647	25.23459430253953	24.823238428629644	0.17207933356716146
70.0	24.549369281613405	25.218517723805405	25.321943959101795	24.673571588324982	0.23659744715441616
71.0	24.659296733495722	25.2541150686176	25.34814133465061	24.72981643302048	0.008630430215590418
72.0	24.58239772478173	25.304193457157364	25.249448289099917	24.858963044739976	0.004997484221011469
73.0	24.64232239946743	25.22214976904603	25.316553480668258	24.810567762779716	0.008406588038561246
74.0	24.595318120976188	25.18708654045001	25.3755934160082	24.8395021327752	0.0024997897904039884
75.0	24.6818366757814	25.26679350012615	25.116093529447863	24.9303893423526	0.0048869522919806245
76.0	24.57573166960729	25.212929952525602	25.308197064226857	24.899389744802374	0.0037515688378776577
77.0	24.542033735246658	25.29449826411198	25.271754890109705	24.887733020081264	0.003980090450398407
78.0	24.708540124148428	25.205861844208172	25.141478474227885	24.934223173690633	0.009896383724885082
79.0	24.79088698509725	25.163768688177818	25.19836009426158	24.83697093070226	0.010013301761089447
80.0	24.74875730336823	25.203606466689354	25.230924734756695	24.813865842262043	0.0028456529236807267
81.0	24.774664487806543	25.094546966013198	25.251925956715084	24.877951567811326	9.110216538459348E-4
82.0	24.82452352768945	25.09316402222493	25.220534706232844	24.851524289862866	0.010253453989903766
83.0	24.73148919630838	25.10945028090624	25.250216848903335	24.90189083125223	0.006952842629815841
84.0	24.808094308917127	25.085332600417626	25.126730173356616	24.97459694387835	0.005245973430285005
85.0	24.803012151292144	24.962861543727538	25.10479776370586	25.125106965599862	0.004221575674596383
86.0	24.876121754618318	24.987555088712806	25.159728723768637	24.96563377708766	0.010960655812572785
87.0	24.890752366318026	25.033788222391053	25.093995807175784	24.97826471915504	0.0031988849600996226
88.0	24.85098872155525	25.03583815557532	25.08259351643754	25.023834945574013	0.006744660857875135
89.0	24.787258503082306	25.12277177661885	25.079188224891126	25.006320186963144	0.00446130844457053
90.0	24.859635929081374	25.029160242256083	25.092460002678507	25.012333723662778	0.006410102321258304
91.0	24.73097949703393	25.118052762509123	25.018133316832873	25.124813367205107	0.008021056418964985
92.0	25.02698331679733	24.936484541226264	25.081007300693365	24.946692894871163	0.008831946411878394
93.0	24.826119003717576	25.122445746144077	24.92623404416543	25.118312556400817	0.006888649572100051
94.0	24.913414889191742	25.410747814975604	24.630390167332763	25.03774812063771	0.007699007862180864
95.0	24.38774770962389	25.33103653677424	25.3098777967772	24.967543182803464	0.003794774021207037
96.0	25.11050872607084	25.278475077502993	24.579536905939996	25.023991078659634	0.007488211826536148
97.0	24.87288560916262	25.237585939942704	25.236201440110573	24.62990588862391	0.023421122160188938
98.0	24.749842315752023	25.04280001016572	25.002599190900753	25.19667211149027	0.008086371691229983
99.0	24.268617021276594	25.009250693802038	24.805388529139684	25.893617021276594	0.023126734505087884
100.0	25.421662639816887	23.272377352642167	25.785987488043784	25.462952789282607	0.05701973021455842
