#Read position (bp)	Clipping profile
0.0	2.3306114083646916
1.0	2.310636522622078
2.0	2.2223100747289606
3.0	2.10017197128194
4.0	1.9644051697501164
5.0	1.8006527210059853
6.0	1.7369827727014058
7.0	1.6637415249784908
8.0	1.5824895157858818
9.0	1.4931227092603363
10.0	1.4033397592818198
11.0	1.3492411103955757
12.0	1.296807035321216
13.0	1.2335532304696075
14.0	1.1792465098568778
15.0	1.1201541395349806
16.0	1.0768752204259853
17.0	1.0315155840521344
18.0	0.993438458105278
19.0	0.948703036910884
20.0	0.9068806198872875
21.0	0.8745254664187839
22.0	0.8446671736681068
23.0	0.813352378832031
24.0	0.7855748033462095
25.0	0.7577972278603881
26.0	0.7341810869042776
27.0	0.7173272770589477
28.0	0.6982887140855196
29.0	0.6803945456077619
30.0	0.6609398391813626
31.0	0.6462707824641309
32.0	0.6307694388409573
33.0	0.6114187682778007
34.0	0.5920680977146442
35.0	0.5783353637665977
36.0	0.5635622711861233
37.0	0.5534707924515739
38.0	0.5408824529991979
39.0	0.5272537549143941
40.0	0.517994563085787
41.0	0.511440303701492
42.0	0.5080071202144804
43.0	0.4998923228815438
44.0	0.49125734623239325
45.0	0.4876160910188961
46.0	0.4828304413097283
47.0	0.47939725782271664
48.0	0.47554793088273384
49.0	0.4726349267119362
50.0	0.4714905322162656
51.0	0.47065824531032335
52.0	0.47357124948112117
53.0	0.47690039710489
54.0	0.48158201095081493
55.0	0.48553537375404054
56.0	0.4896968082837516
57.0	0.49573088835183265
58.0	0.5004125021977576
59.0	0.5074869408982665
60.0	0.5185147424020009
61.0	0.5320394046235619
62.0	0.5438994930332384
63.0	0.5559676531694006
64.0	0.5701165305704182
65.0	0.5847855872876498
66.0	0.604760473030263
67.0	0.6235909642772056
68.0	0.64398199347279
69.0	0.6609398391813626
70.0	0.6744645014029236
71.0	0.6945434230087796
72.0	0.7157667391103061
73.0	0.7352214455367054
74.0	0.7563407257749891
75.0	0.7793326515516429
76.0	0.8070061911742217
77.0	0.8321828700789737
78.0	0.8630815214620785
79.0	0.8940842087084259
80.0	0.9277918283990858
81.0	0.9665972053886416
82.0	1.0064429410106253
83.0	1.0524267925639326
84.0	1.0971622137583268
85.0	1.1371119852435532
86.0	1.1928752079416816
87.0	1.2540482955284344
88.0	1.3115801279016903
89.0	1.3683837092322464
90.0	1.4212339277595774
91.0	1.5213164281991287
92.0	1.6043370470668648
93.0	1.686421343165416
94.0	1.75737380189699
95.0	1.8177146025778006
96.0	1.9795944057835617
97.0	2.112344167281345
98.0	2.2203333933273477
99.0	2.309804235716136
100.0	2.328842798689564
