# This file was produced by samtools stats (1.3.1+htslib-1.3.1) and can be plotted using plot-bamstats
# This file contains statistics for all reads.
# The command line was:  stats /Sid/vsaveliev/dream-chr21/work/prealign/syn3-tumor/syn3-tumor-dedup.bam
# CHK, Checksum	[2]Read Names	[3]Sequences	[4]Qualities
# CHK, CRC32 of reads which passed filtering followed by addition (32bit overflow)
CHK	6e50c390	76e42b4b	c1b582c4
# Summary Numbers. Use `grep ^SN | cut -f 2-` to extract this part.
SN	raw total sequences:	1167673
SN	filtered sequences:	0
SN	sequences:	1167673
SN	is sorted:	1
SN	1st fragments:	584066
SN	last fragments:	583607
SN	reads mapped:	1150318
SN	reads mapped and paired:	1132963	# paired-end technology bit set + both mates mapped
SN	reads unmapped:	17355
SN	reads properly paired:	1006998	# proper-pair bit set
SN	reads paired:	1167673	# paired-end technology bit set
SN	reads duplicated:	57030	# PCR or optical duplicate bit set
SN	reads MQ0:	13633	# mapped and MQ=0
SN	reads QC failed:	0
SN	non-primary alignments:	2835
SN	total length:	117933275	# ignores clipping
SN	bases mapped:	116180420	# ignores clipping
SN	bases mapped (cigar):	114675760	# more accurate
SN	bases trimmed:	0
SN	bases duplicated:	5760028
SN	mismatches:	997831	# from NM fields
SN	error rate:	8.701324e-03	# mismatches / bases mapped (cigar)
SN	average length:	100
SN	maximum length:	101
SN	average quality:	29.4
SN	insert size average:	334.5
SN	insert size standard deviation:	49.1
SN	inward oriented pairs:	554209
SN	outward oriented pairs:	936
SN	pairs with other orientation:	865
SN	pairs on different chromosomes:	9086
# First Fragment Qualitites. Use `grep ^FFQ | cut -f 2-` to extract this part.
# Columns correspond to qualities and rows to cycles. First column is the cycle number.
FFQ	1	0	0	10728	0	0	0	0	0	158	1660	1575	1	1952	281	1443	77	1064	188	248	3105	105	2374	618	1327	1284	6578	7379	9880	10854	20152	29803	170940	84933	215352	3	4	0	0	0	0	0	0
FFQ	2	0	0	10193	27	9	79	119	250	258	306	380	457	382	499	676	479	632	688	702	495	803	751	1948	2646	3396	13178	4544	6226	11262	14336	68832	128237	85692	192644	32933	7	0	0	0	0	0	0
FFQ	3	0	0	10198	8	28	150	21	89	262	349	545	498	570	375	297	243	183	477	631	361	1371	1558	1990	2432	2027	5376	11307	7238	10994	11507	47986	55799	129866	72164	186245	20921	0	0	0	0	0	0
FFQ	4	0	435	10928	249	397	397	664	493	792	779	901	861	839	1079	1759	1841	1724	1387	2441	2031	3436	5311	3587	6797	6967	5174	9809	20977	11161	22313	31773	18977	100030	69557	148754	89436	10	0	0	0	0	0
FFQ	5	0	32	12021	62	206	243	215	267	616	725	841	530	1012	672	840	941	758	1334	783	1226	1059	2171	1848	2265	3387	3994	6908	13926	4696	13285	30896	39085	101601	70806	128019	136795	1	0	0	0	0	0
FFQ	6	0	161	12917	133	215	403	383	538	449	781	672	631	1272	896	779	561	569	706	840	1032	1138	1249	1664	2452	1906	3993	3958	14604	5336	6690	17097	42875	70105	101268	82601	190664	12528	0	0	0	0	0
FFQ	7	0	296	14056	262	311	692	430	480	688	827	1166	1022	1118	885	1097	1020	859	1664	1691	1439	2269	1678	2452	2620	3955	6067	7737	16851	3629	13865	19340	38232	81405	96486	78101	179375	1	0	0	0	0	0
FFQ	8	0	382	14690	719	436	741	588	870	926	1322	1385	1411	861	791	596	581	1290	1852	1541	1397	2999	4280	2059	2249	3005	3751	6918	17212	6223	11570	15645	35181	71125	92665	88107	172625	16073	0	0	0	0	0
FFQ	9	0	551	15367	174	393	548	354	653	474	1056	1152	871	1110	776	566	625	920	1465	1678	1512	1303	1513	1640	2632	4420	4045	4381	13177	6842	7975	16795	28014	81072	97101	102534	179803	574	0	0	0	0	0
FFQ	10	0	106	15697	123	140	219	298	444	797	729	900	729	1005	800	464	338	530	1085	699	951	752	1571	1839	2501	2659	2163	3756	15482	4625	7437	10924	29640	71331	109823	91079	196797	5632	1	0	0	0	0
FFQ	11	0	78	16158	51	49	185	284	367	285	867	740	814	1090	832	561	325	456	640	844	735	824	912	1402	2150	2608	2989	3467	14419	4287	5490	12209	29177	66257	117830	86234	201567	6879	0	4	0	0	0
FFQ	12	0	84	16573	62	84	160	265	291	331	647	670	933	914	661	578	247	588	619	1009	850	1156	960	1516	1616	2182	3083	4268	14294	5230	6713	13376	30130	56945	125773	78912	193321	19023	2	0	0	0	0
FFQ	13	0	1993	18030	1475	877	852	596	490	573	1087	672	805	1974	1296	1091	1170	1253	2678	3021	1379	1601	2272	4360	2685	5592	8469	3377	14786	7674	5720	26939	34072	47105	129345	77699	158192	12865	1	0	0	0	0
FFQ	14	0	67	17598	36	113	168	164	342	206	651	1040	744	1017	893	421	433	342	669	1205	925	769	1179	1322	2104	2720	2680	4882	13782	5648	8021	14120	24686	51601	118828	131420	156384	16886	0	0	0	0	0
FFQ	15	0	70	18037	73	65	264	200	304	404	740	639	689	1031	830	555	408	302	607	762	954	864	783	1268	1822	2868	2879	4682	12893	4360	6166	10539	19800	52434	116977	138950	161883	17964	0	0	0	0	0
FFQ	16	0	309	18811	455	466	688	611	842	799	1012	759	939	1235	701	1691	1266	1019	1025	1419	2990	3275	2019	3220	2239	4938	5944	5509	16085	6060	10432	15934	18207	56651	106106	129415	145931	15064	0	0	0	0	0
FFQ	17	0	87	18862	113	119	239	287	311	442	787	995	729	898	663	576	625	1012	1021	885	965	953	1043	1344	1818	2600	3387	5695	13029	4687	6704	13523	21018	49310	115449	125597	167646	20647	0	0	0	0	0
FFQ	18	0	97	19333	52	99	148	191	259	335	725	840	678	825	846	514	526	598	489	755	1096	812	1077	1288	2225	2764	2642	4234	13309	5380	7024	10655	19139	53031	115741	122062	161841	32436	0	0	0	0	0
FFQ	19	0	82	19791	59	40	122	223	159	413	657	715	752	873	816	628	405	324	486	622	1004	902	1283	1168	2542	2252	2804	4543	13614	3843	5807	11066	19623	46901	117035	116648	174092	31772	0	0	0	0	0
FFQ	20	0	76	20214	66	35	135	257	181	394	636	691	736	857	771	665	353	349	459	774	924	1005	1372	1400	2192	2188	2989	4276	13387	3837	5661	11691	18396	47701	117647	118947	167984	34820	0	0	0	0	0
FFQ	21	0	83	20696	69	105	176	387	267	547	665	574	748	736	761	1037	625	454	777	748	960	1434	1081	1458	2470	2900	2895	4403	13775	5599	6582	11028	18614	48275	116053	106462	168372	42250	0	0	0	0	0
FFQ	22	0	84	21172	28	76	213	164	346	724	454	722	958	754	704	669	530	797	1065	852	899	1084	1345	1351	1926	2530	2889	4652	13753	3948	7010	12485	20328	46917	112124	114271	160661	45581	0	0	0	0	0
FFQ	23	0	100	21659	7	90	157	264	120	472	714	483	860	933	724	718	341	406	578	747	1143	1028	1244	1530	2072	2585	2607	4623	12945	4258	6108	11108	20040	47558	110389	106499	170928	48028	0	0	0	0	0
FFQ	24	0	98	22119	14	174	140	242	155	744	588	839	1011	814	762	601	420	395	759	1164	985	1595	1336	1611	2717	2211	2780	4620	13600	4124	7526	12366	21281	46351	111948	106257	162325	49394	0	0	0	0	0
FFQ	25	0	37	22672	15	81	141	202	203	404	747	521	877	907	775	660	326	475	519	760	1014	1393	1324	1361	1981	2970	2525	4103	13723	3962	6441	12061	18292	47090	106007	108789	171906	48802	0	0	0	0	0
FFQ	26	0	267	23296	318	316	574	414	394	1029	866	1013	951	1073	768	722	907	1152	1089	1024	1601	1462	2042	3436	3798	3185	2908	4853	14492	5712	7396	12377	22007	45009	103419	99218	167778	47200	0	0	0	0	0
FFQ	27	0	133	23685	81	107	269	227	324	711	682	972	847	852	734	583	672	656	781	468	977	1177	1569	1934	1858	3338	2201	4270	12323	6143	7736	12815	19191	43329	108795	97166	175636	50824	0	0	0	0	0
FFQ	28	0	173	24253	208	326	337	382	386	726	650	921	1182	1217	792	523	818	734	1099	1321	1264	1475	2169	1775	3468	4178	4003	4082	13252	5851	8721	10707	20926	41131	106545	95253	173512	49706	0	0	0	0	0
FFQ	29	0	169	24809	177	338	239	450	399	843	859	946	1330	968	798	672	619	945	1165	1402	1528	1641	1969	2047	4407	3881	3234	5075	14314	7214	8135	13532	22850	46554	100938	98115	164620	46884	0	0	0	0	0
FFQ	30	0	42	25375	8	110	242	232	194	830	648	847	1029	761	785	505	438	502	651	515	1195	1371	1798	1791	2169	2349	2518	4044	12573	6020	7045	10342	21116	44113	105178	97135	172156	57439	0	0	0	0	0
FFQ	31	0	12	25998	23	101	306	204	217	839	728	880	915	844	830	443	582	735	851	886	1118	1080	1846	1786	2077	2853	3263	3683	12331	6833	8159	11262	22392	41110	108590	99842	169109	51338	0	0	0	0	0
FFQ	32	0	18	26639	64	61	146	314	219	817	595	842	929	736	904	539	573	462	655	534	1119	1149	1949	1930	2241	2168	2740	3618	13747	4658	6219	11960	22905	44602	105807	101497	170934	49776	0	0	0	0	0
FFQ	33	0	6	27248	10	121	204	288	131	824	629	808	896	772	843	531	527	400	759	551	971	1320	1775	2125	1999	2417	2612	4173	13470	4269	7134	12644	22120	43899	105536	100919	168118	53017	0	0	0	0	0
FFQ	34	0	137	27809	78	114	225	197	287	781	649	925	854	926	670	492	666	692	695	1088	1296	1488	1771	2104	2394	2354	3530	5867	12459	6365	10198	15616	23588	43956	104783	100953	158305	49754	0	0	0	0	0
FFQ	35	0	18	28593	42	211	256	334	272	682	823	807	839	724	880	576	588	742	1051	907	1192	1630	2124	2108	2875	2641	3891	5478	12973	7470	9453	15145	24877	37862	109638	94000	159728	52636	0	0	0	0	0
FFQ	36	0	28	29263	91	53	211	191	289	777	762	752	967	699	785	651	397	604	630	563	1019	1817	1896	1772	2103	2190	3327	4665	13230	5131	7967	14210	24145	41795	107446	98558	165182	49900	0	0	0	0	0
FFQ	37	0	37	30042	145	191	533	263	298	944	633	816	1041	1068	1062	765	901	658	1178	1292	1405	1838	2577	2197	3897	4006	3731	6578	13071	7617	9798	18358	25629	42674	102588	93457	154756	48022	0	0	0	0	0
FFQ	38	0	17	30697	74	89	148	290	174	763	586	873	834	738	947	547	657	527	736	431	1109	1424	1904	1918	2219	2272	2901	4539	10839	6847	7868	15495	24169	38154	110132	89591	168408	55149	0	0	0	0	0
FFQ	39	0	151	31579	402	584	517	445	451	874	786	995	999	834	1486	1082	1566	844	1081	1133	1864	2470	3906	2811	3364	4307	4700	5634	12052	10340	9552	15576	23940	41110	98672	90292	154936	52731	0	0	0	0	0
FFQ	40	0	25	32252	14	143	190	269	225	723	646	899	922	671	821	592	681	467	741	536	865	1336	2330	1918	2219	2098	2847	4968	11286	7091	7667	14322	26123	37338	106186	98483	157045	59127	0	0	0	0	0
FFQ	41	0	31	33038	45	137	229	246	140	714	696	933	873	695	841	539	727	537	618	611	917	1499	2222	1763	2148	2251	2767	4608	11448	7059	7916	13636	26020	37285	109524	86639	165826	58888	0	0	0	0	0
FFQ	42	0	30	33842	51	112	226	219	244	468	874	853	879	951	644	508	762	608	930	1048	1079	1426	1735	1943	2503	2643	3319	5721	10258	8179	8387	18290	24891	39394	108218	79870	164318	58643	0	0	0	0	0
FFQ	43	0	25	34616	40	121	158	255	269	518	797	798	854	714	786	466	644	601	834	716	897	1586	1869	1880	2129	2700	2724	4574	11361	7377	8378	14358	27471	35398	108716	86446	163349	59641	0	0	0	0	0
FFQ	44	0	40	35367	47	158	197	242	242	498	739	1003	868	850	702	498	746	539	769	760	897	1569	1868	1918	2219	2218	2752	4158	11102	7909	7784	11846	29613	32893	105609	87125	163725	64596	0	0	0	0	0
FFQ	45	0	37	36156	30	139	279	260	254	439	1081	711	869	908	684	438	700	518	756	631	1246	1522	1819	2076	2275	2521	2897	4505	11700	7098	7683	12711	29183	35578	103210	95399	157542	60211	0	0	0	0	0
FFQ	46	0	40	36881	71	94	230	193	260	408	814	849	866	877	671	512	547	619	628	579	1015	1612	1765	1921	2084	2781	2553	4155	11601	8262	7560	10914	30998	33090	105760	87509	160800	64547	0	0	0	0	0
FFQ	47	0	44	37647	104	117	208	191	266	448	704	923	947	808	633	496	517	545	755	556	1070	1393	1766	1943	2253	2758	2669	3783	11145	8983	7469	10818	30407	35343	105298	85707	159361	65991	0	0	0	0	0
FFQ	48	0	38	38475	69	115	189	189	223	451	613	1073	884	901	586	558	522	610	802	587	1128	1217	1670	2106	2084	2804	2821	3734	10738	9218	6714	11343	29426	37048	105397	86238	159312	64183	0	0	0	0	0
FFQ	49	0	173	39189	183	108	322	254	391	707	736	1027	712	957	827	451	877	782	1055	781	1506	1810	2667	2390	2534	3632	3078	6022	12139	9316	9504	14496	28673	39498	103848	80869	153874	58678	0	0	0	0	0
FFQ	50	0	44	40242	185	203	220	517	420	556	585	809	886	840	728	829	832	869	1060	1168	1604	2003	2495	3110	2952	4123	4113	6238	10590	12903	8787	15061	31068	40396	95965	83688	145748	62229	0	0	0	0	0
FFQ	51	0	8835	48224	1234	1394	865	636	584	803	827	718	700	901	756	949	901	879	1110	1324	1401	1675	2472	3183	3495	4183	5181	5693	12000	11515	11557	14911	22023	43249	102891	71315	143868	51814	0	0	0	0	0
FFQ	52	0	42	41757	145	114	226	288	341	345	779	1038	1021	801	923	432	685	609	904	779	862	1301	2193	2089	2721	3315	3849	6739	11213	11524	13135	16157	31121	39611	102263	83445	145778	55501	20	0	0	0	0
FFQ	53	0	43	42619	49	178	184	326	305	388	607	874	859	812	682	565	679	768	810	915	802	1303	1952	2329	2944	3331	3269	5092	8760	10826	9320	14191	26669	39356	106752	84496	155380	54929	702	0	0	0	0
FFQ	54	0	25	43439	48	83	148	266	214	298	705	988	756	704	774	422	423	463	590	819	704	1317	1645	2504	2144	2550	2523	3565	10112	11592	8278	12394	24139	45132	104096	87148	152366	60692	0	0	0	0	0
FFQ	55	0	11	44231	41	72	116	319	115	276	653	755	798	618	656	504	453	422	621	624	842	1182	1498	2006	2350	1940	2858	3692	9464	11167	6759	12242	23459	46244	101158	92545	156332	57043	0	0	0	0	0
FFQ	56	0	20	45034	34	50	130	254	195	242	681	555	952	516	815	476	421	548	422	761	767	1020	1594	1852	2448	2164	2438	3763	9454	10701	6468	10634	23523	43319	104110	84385	168435	54885	0	0	0	0	0
FFQ	57	0	13	45841	104	66	116	282	127	278	606	663	911	501	700	554	338	546	458	627	769	1014	1722	1834	2019	1951	2651	3746	8733	11497	7097	10559	22815	41606	102481	78759	174780	57302	0	0	0	0	0
FFQ	58	0	267	46895	414	343	395	428	265	449	846	717	1241	856	1365	1073	1104	1335	1104	1907	1614	3026	3188	3139	5286	4464	4376	4247	11138	15530	9927	20868	24858	41409	94402	76998	150478	48114	0	0	0	0	0
FFQ	59	0	17	47634	111	70	113	235	135	272	612	458	870	621	515	656	196	603	405	639	837	1015	1559	1673	2628	1929	2281	3555	8082	12009	6460	11078	21072	42528	105108	80705	172441	54944	0	0	0	0	0
FFQ	60	0	19	48555	112	75	109	203	170	247	595	464	900	521	645	727	294	499	443	554	936	834	1635	1754	2334	2009	2163	3458	8039	12233	6308	10894	18411	42809	104073	78953	173322	58769	0	0	0	0	0
FFQ	61	0	52	49548	148	175	186	353	164	324	666	433	1023	677	805	1018	539	895	988	1017	1615	1744	1951	3103	2427	3133	4638	6101	8911	12745	7990	13130	23694	43461	107411	81157	150454	51390	0	0	0	0	0
FFQ	62	0	108	50560	106	200	413	375	283	374	666	485	1076	753	950	925	676	1136	1151	1423	1454	2178	2694	2760	2920	4315	5444	7541	8660	11077	9945	17047	22372	52466	95754	82901	143864	49014	0	0	0	0	0
FFQ	63	0	20	51469	84	64	123	225	147	267	669	508	847	617	487	701	319	477	441	752	869	1006	1724	1930	2247	1816	2758	3527	7909	12738	6133	11294	18096	44910	101980	86630	158350	61932	0	0	0	0	0
FFQ	64	0	27	52404	79	62	101	238	157	219	622	465	905	607	564	628	337	436	456	532	968	963	1736	1908	2123	2205	2659	3441	7389	12878	6422	11003	17716	46104	103013	86974	155586	62139	0	0	0	0	0
FFQ	65	0	26	53411	76	73	114	226	172	217	582	455	908	592	556	665	303	495	412	658	858	1198	1583	1973	2420	2180	2511	3296	7389	12540	6437	11352	17724	45092	104129	88977	150106	64360	0	0	0	0	0
FFQ	66	0	23	54440	93	55	108	230	190	211	624	454	907	668	567	714	432	477	486	527	832	1078	1618	2060	2245	2356	2379	3595	6925	11746	7366	11558	16355	43632	104107	88181	149218	67609	0	0	0	0	0
FFQ	67	0	58	55494	183	137	226	327	166	296	653	601	849	734	806	940	699	652	638	1181	1296	1858	2653	2406	3393	2586	3650	4344	9649	12139	10707	13579	19939	43708	100582	83776	142145	61016	0	0	0	0	0
FFQ	68	0	161	56696	190	311	179	276	354	329	800	899	965	910	859	1040	1013	1173	1115	1440	1482	2270	2652	3545	2767	3264	4561	6970	9298	12597	7298	19266	18988	43968	100733	88115	130515	57067	0	0	0	0	0
FFQ	69	0	29	57757	80	100	215	231	350	276	1027	702	609	681	555	966	399	541	746	894	1272	1471	1882	2042	2547	2804	3458	3285	7888	10687	10088	12240	16692	39752	106047	81687	129868	84198	0	0	0	0	0
FFQ	70	0	1936	63738	992	1325	682	528	486	385	537	770	678	990	1414	916	1213	1049	1198	2252	1636	2018	1501	2406	3462	4494	4104	4894	7749	10659	13587	14036	20516	35412	105450	75238	115951	79864	0	0	0	0	0
FFQ	71	0	2686	67415	1309	813	294	580	576	280	469	363	562	741	775	776	542	1012	1349	1205	1205	1058	1523	1817	2649	3606	4565	3960	6204	9370	10162	12796	17266	40260	100772	76613	120813	87680	0	0	0	0	0
FFQ	72	0	38	60839	53	139	130	150	122	240	533	493	1202	683	874	658	334	442	521	433	921	714	1539	1750	2455	2266	3238	3081	7963	9329	12424	13726	17199	34507	111464	71104	120617	98640	3245	0	0	0	0
FFQ	73	0	26	61870	84	112	105	180	167	405	467	499	829	600	1002	554	450	537	787	670	1152	959	1585	2076	2424	3766	3575	4410	5962	10087	13535	12563	20405	37135	105513	73195	123336	93044	0	0	0	0	0
FFQ	74	0	41	63010	59	132	95	214	119	299	609	530	927	711	780	642	311	552	623	531	863	959	1569	1796	2067	2898	2841	3558	6410	7678	12772	10165	16914	33205	115647	62815	120392	104534	6798	0	0	0	0
FFQ	75	0	76	64113	159	99	261	298	251	154	666	852	630	940	646	984	617	744	990	833	1102	1675	2407	2749	3179	3557	3798	4468	5901	12711	14287	11914	18908	40190	107885	62766	123734	82550	6972	0	0	0	0
FFQ	76	0	0	65283	35	53	119	44	203	149	241	412	562	692	862	804	635	384	548	745	637	767	809	1617	1751	2774	3746	4526	6519	11113	9687	10918	17624	51195	107619	85515	151240	44129	109	0	0	0	0
FFQ	77	0	179	66001	130	328	110	247	427	299	247	548	926	966	1150	772	911	770	996	1392	2230	1891	1992	2731	2650	4349	5037	4605	7592	13174	11613	13020	21574	45858	105301	72690	128770	62202	388	0	0	0	0
FFQ	78	0	0	66698	54	47	121	101	226	130	223	604	671	586	539	508	538	445	292	537	712	741	934	1596	2093	2457	3241	3837	4519	8364	12603	9022	15688	32965	115194	63475	132398	93959	7948	0	0	0	0
FFQ	79	0	30	67567	66	54	88	106	194	156	172	643	519	660	553	376	492	453	342	638	708	748	924	1665	1920	2371	2926	3245	4417	7678	13305	9332	17869	32454	119449	53760	132621	98282	7283	0	0	0	0
FFQ	80	0	33	68526	54	97	86	97	230	121	250	738	549	638	543	401	466	420	424	592	758	764	858	2335	1775	2428	2993	3025	4404	7954	13273	9800	17137	31028	120159	52927	126171	104364	7648	0	0	0	0
FFQ	81	0	41	69682	58	49	172	87	171	329	275	559	614	686	516	363	463	641	550	636	774	986	952	1967	2591	2124	2918	4075	5410	7812	12449	10595	19312	35034	113978	57357	116492	105469	7879	0	0	0	0
FFQ	82	0	36	70912	45	64	117	124	190	192	387	688	585	715	552	458	384	508	363	869	782	736	1331	1811	1638	2609	2571	3721	4744	7363	13950	8013	18923	31730	115876	54848	117732	110709	7790	0	0	0	0
FFQ	83	0	34	72084	36	46	120	136	195	164	361	651	499	655	591	367	400	471	476	653	924	755	1107	1917	2041	2336	3025	3830	5652	6936	14117	10307	18775	30944	114629	59716	111645	108790	8681	0	0	0	0
FFQ	84	0	33	73457	49	108	69	100	219	133	246	743	557	616	580	347	468	393	433	622	846	754	1092	2007	1799	2168	2669	3577	4284	7486	13292	8764	19168	31701	110732	56511	116765	111835	9443	0	0	0	0
FFQ	85	0	37	74839	38	51	119	100	235	123	317	685	557	676	551	377	418	373	503	650	793	765	1201	2138	1738	2786	2724	2884	4388	8581	13829	9729	18977	32124	112100	53059	113081	111295	11225	0	0	0	0
FFQ	86	0	78	76513	95	174	299	170	266	345	614	618	762	688	585	721	743	688	836	1128	1246	1829	2567	3562	2442	3284	3625	6074	6430	10544	15737	13611	21300	38490	100150	52890	108674	99748	6540	0	0	0	0
FFQ	87	0	33	78141	36	54	91	126	178	161	226	700	479	641	621	378	481	413	332	508	796	767	1053	1649	2026	2404	2602	3230	4628	7250	13560	10051	18616	28459	115991	52246	111410	111744	11985	0	0	0	0
FFQ	88	0	40	80034	46	34	90	133	168	164	217	693	637	600	560	335	473	465	354	723	725	844	1047	1744	2229	2351	2769	3303	4736	7248	13334	9729	19379	28800	115136	53384	104909	115308	11325	0	0	0	0
FFQ	89	0	39	82093	49	48	67	101	176	166	254	805	457	571	531	394	524	463	379	777	784	754	1122	1808	1826	2710	2753	3265	4633	7211	13391	9567	19563	29271	111809	54464	103980	115196	12065	0	0	0	0
FFQ	90	0	36	84191	51	42	103	99	152	179	186	795	553	525	618	328	362	455	429	643	727	841	1209	1834	2242	2251	3137	3054	4271	7356	13777	9459	19450	30026	111531	54912	104503	117106	6633	0	0	0	0
FFQ	91	0	64	86496	55	100	86	115	259	252	317	773	593	560	484	469	483	536	515	890	1241	1240	1398	2357	2722	2979	4070	3780	5215	10231	13862	13272	21111	32460	99583	58469	105107	107745	4177	0	0	0	0
FFQ	92	0	32	89092	58	51	87	181	117	281	499	479	577	657	479	439	406	402	538	809	911	904	1349	1626	2140	2592	2948	4036	4519	6950	14018	8914	21342	33636	106911	51206	105356	115490	4034	0	0	0	0
FFQ	93	0	33	91920	66	111	139	283	534	385	142	602	712	656	558	483	683	942	1080	1234	1414	1183	1934	1949	2612	2731	4903	5259	5567	4878	14020	13695	20857	35772	95479	53953	106812	107439	3046	0	0	0	0
FFQ	94	0	48	95056	33	33	71	65	179	144	274	657	404	665	345	394	338	544	337	706	810	807	1444	1824	1848	2884	3196	2942	4806	7611	14035	10962	20154	42318	96573	55014	104824	109485	2236	0	0	0	0
FFQ	95	0	27	98599	30	29	104	61	115	80	150	588	452	523	470	450	345	461	317	650	719	566	1005	1890	1869	2329	3036	3316	4655	8865	11939	10067	20211	54967	87670	58802	127501	80772	436	0	0	0	0
FFQ	96	0	60	102648	50	39	70	179	127	131	130	369	386	488	505	462	562	540	614	740	543	953	1469	2437	3383	3075	3557	4377	6918	11731	12481	10967	21788	71726	73687	64126	134580	48168	0	0	0	0	0
FFQ	97	0	18	107527	13	26	52	24	77	58	75	266	316	266	433	353	211	381	239	425	706	562	1084	1450	1805	2453	2902	3272	4914	9100	11319	11677	23897	77476	75523	66178	143222	35766	0	0	0	0	0
FFQ	98	0	12	113336	49	21	96	66	55	90	125	272	241	203	258	397	344	556	479	1013	1031	1378	1388	1904	2573	4144	4187	4863	6931	13629	11157	17753	27126	91405	55141	74787	132849	14207	0	0	0	0	0
FFQ	99	0	18	120112	16	43	18	35	30	45	95	111	174	217	422	297	326	367	661	814	1552	1681	1645	2045	3166	3265	4374	5572	7071	14238	10173	17612	39711	88594	57619	76354	120850	4743	0	0	0	0	0
FFQ	100	0	0	127641	0	0	0	0	1	0	22	0	14	20	61	157	57	76	199	200	375	1080	1192	1335	1892	2518	3353	3383	6112	11654	8371	16293	33626	81482	61564	75486	124755	21147	0	0	0	0	0
FFQ	101	0	0	138297	0	0	10	313	95	12	186	320	393	803	705	2183	1685	2110	1707	3111	3325	3253	4701	4233	6673	6356	5484	8657	10694	13582	15968	20854	39487	82155	43067	68541	87818	7288	0	0	0	0	0
FFQ	102	0	0	0	0	0	0	0	0	0	0	0	0	0	0	0	0	0	0	0	0	0	0	0	0	0	0	0	0	0	0	0	0	0	0	0	0	0	0	0	0	0	0
# Last Fragment Qualitites. Use `grep ^LFQ | cut -f 2-` to extract this part.
# Columns correspond to qualities and rows to cycles. First column is the cycle number.
LFQ	1	0	0	14820	0	0	0	0	0	0	0	0	3615	12591	2828	0	0	0	0	0	0	0	12977	2255	7	6360	7025	191764	329352	5	2	0	1	2	0	3	0	0	0	0	0	0	0
LFQ	2	0	0	14837	0	103	338	396	534	338	253	1975	3299	2279	3485	2633	1325	1176	483	973	1625	1182	960	3069	4379	7723	9914	7202	7243	7674	29954	55867	127628	92864	191383	510	3	0	0	0	0	0	0
LFQ	3	0	0	15305	98	723	333	307	900	2538	1430	2950	4092	1529	1682	603	1167	1414	514	2172	2154	2957	2301	2968	2920	3357	11257	6176	8325	8542	13729	52270	103028	101322	200070	24473	1	0	0	0	0	0	0
LFQ	4	0	0	15669	180	738	593	923	1973	1449	3089	2743	2877	1582	1520	1876	1948	1994	1661	2519	2018	3024	2886	5301	6484	6690	12292	9886	12676	10658	28661	104039	61222	131420	143011	5	0	0	0	0	0	0	0
LFQ	5	0	0	16553	0	736	598	0	1402	2234	2334	3120	3156	1003	1132	953	664	1483	1222	1702	3331	3314	3327	1763	3064	3256	12562	6439	5738	9968	31340	111824	62535	110146	176706	2	0	0	0	0	0	0	0
LFQ	6	0	207	17190	482	338	701	861	1907	1817	2651	3230	2030	1585	589	658	1384	1121	1754	3187	2209	3425	3411	2313	2892	3217	12920	6378	6305	15005	37392	97635	67301	150568	130941	1	1	1	0	0	0	0	0
LFQ	7	0	228	17992	118	726	561	733	1940	1874	2501	3224	2246	1341	777	706	1248	1013	1560	2533	2780	3902	2753	2127	3310	2993	11711	6857	5263	11623	18327	106827	75592	53652	234566	1	2	0	0	0	0	0	0
LFQ	8	0	202	18655	356	681	1250	1052	1750	2252	2454	2465	2120	1581	1501	1598	1472	1199	1467	2394	2926	3762	3132	3295	3331	5160	10024	8992	5872	16070	13495	69722	111322	44824	209611	27618	2	0	0	0	0	0	0
LFQ	9	0	215	19197	199	742	465	1169	1566	1901	2808	2904	1979	1321	655	657	1654	1570	1900	3103	2273	2979	2606	1932	3168	3902	9660	9103	6673	10828	17589	43345	103785	80248	207153	34356	1	1	0	0	0	0	0
LFQ	10	0	215	19711	390	717	395	980	1546	2125	2870	2630	1976	1281	931	1248	1560	1805	1293	2437	2984	4079	3798	2241	5640	5110	9641	12494	9869	13323	18551	51183	99578	71648	174489	54863	5	1	0	0	0	0	0
LFQ	11	0	190	20370	247	742	393	756	1972	1789	2837	2577	1944	1189	951	655	1207	1320	1794	2811	2774	3476	1781	1884	3811	3401	5562	13403	6023	10603	15210	28685	109080	70232	182732	81202	4	0	0	0	0	0	0
LFQ	12	0	194	20955	363	493	586	927	1891	1747	2592	2821	1741	1484	797	633	1153	1907	1460	2771	2766	2942	2647	2563	2803	3321	5414	14017	7083	10635	14233	28843	103917	67589	160830	109483	5	1	0	0	0	0	0
LFQ	13	0	214	21555	427	436	525	991	1775	1871	3077	2258	2203	1318	633	1014	1565	1714	2661	2336	2407	2996	2785	2040	4159	3337	5013	15829	7559	10557	14333	26842	101442	71611	127154	138965	4	1	0	0	0	0	0
LFQ	14	0	164	22046	158	639	504	1144	1551	1658	2497	2879	2045	1189	807	877	1272	1034	2033	2597	2939	2850	2328	2158	3282	2782	5066	14372	5241	8528	11635	18693	102636	60692	173939	121369	3	0	0	0	0	0	0
LFQ	15	0	184	22819	196	707	723	1661	1589	2153	3099	2089	1865	934	997	995	2121	2203	2468	2412	1971	2139	3046	2298	2554	4320	6016	13622	5209	8118	11325	17853	86370	71816	169902	127069	762	2	0	0	0	0	0
LFQ	16	0	193	23330	422	558	705	1734	1716	1898	3446	2024	1657	1039	862	1753	2449	2180	2498	1881	1784	2306	3242	2571	2274	4431	5711	14000	6099	8522	12839	15690	51380	102629	146718	151069	1994	3	0	0	0	0	0
LFQ	17	0	189	23948	255	800	391	1537	1761	2239	2879	2420	1690	933	858	1240	2029	2131	2142	2888	1072	2934	2411	2527	2637	3748	5294	14151	5023	8699	11271	16390	44475	110398	131206	165128	5913	0	0	0	0	0	0
LFQ	18	0	178	24609	365	636	478	1407	1831	2119	2852	2528	1445	1207	700	1126	2023	2070	2029	3662	1031	3161	2181	2820	2848	3603	4832	14807	6597	8964	12410	17451	42651	109276	120075	162408	17225	2	0	0	0	0	0
LFQ	19	0	205	25280	305	689	410	1491	1804	2145	3074	2233	1554	1043	887	1081	2298	2364	2080	1950	1622	3059	2621	3700	2525	3630	5634	13634	6760	9075	13150	17919	38788	114158	113936	165897	16605	1	0	0	0	0	0
LFQ	20	0	188	25839	306	522	468	646	1867	1782	2528	2752	1807	1254	721	757	839	1635	1848	3092	2565	2507	2700	2803	3268	3354	4384	13910	7270	8881	11064	15698	41686	107429	113494	170904	22839	0	0	0	0	0	0
LFQ	21	0	208	26716	14	981	342	461	1748	1871	2394	2509	2176	1182	840	848	1474	1706	1485	2514	2390	2689	2065	3121	3150	3904	4816	11968	7776	8461	10989	16948	36042	113240	95678	180674	30227	0	0	0	0	0	0
LFQ	22	0	178	27343	179	582	334	266	1642	1957	2166	2800	1978	1083	888	730	712	1422	1701	2722	2658	2788	2330	3349	2878	4019	5563	13001	6757	9872	13926	17786	40039	110284	100999	162423	36252	0	0	0	0	0	0
LFQ	23	0	210	28020	105	555	535	558	1431	1906	2031	2291	2379	1067	1051	527	1075	1822	1337	2611	2196	2602	2219	2674	3536	3570	4849	11766	6676	10117	11272	15689	33453	114005	95097	167085	47289	1	0	0	0	0	0
LFQ	24	0	226	28778	331	331	885	832	2006	1672	2271	2193	2098	1604	813	1278	1651	2222	2248	2363	3618	2867	2966	3648	4993	5022	7664	12725	8419	12659	11144	20743	33908	108562	88951	157631	44285	0	0	0	0	0	0
LFQ	25	0	239	29312	309	264	648	339	1529	2004	2145	2164	2386	1196	852	822	953	1268	1610	2109	2943	2393	2501	2372	3648	3007	4537	13170	6283	8465	10820	18888	30859	106795	94592	167142	55043	0	0	0	0	0	0
LFQ	26	0	208	30096	170	265	774	252	1161	1929	1805	2150	2333	1553	975	717	523	1414	795	1628	2986	2835	2436	2001	3532	3278	4375	12014	6072	6855	10207	17499	29232	108036	85425	180490	57585	1	0	0	0	0	0
LFQ	27	0	68	31011	173	291	653	385	1058	1948	1865	2101	2459	1350	927	745	740	978	1005	1703	2883	3190	2183	2051	3479	2788	4389	10383	8171	6733	9953	17868	27676	108867	81881	177241	64411	0	0	0	0	0	0
LFQ	28	0	84	31886	320	519	681	780	1958	1939	1854	2398	2027	986	801	1374	1806	2455	1644	1811	1814	2620	3426	2396	4227	3487	5499	8617	11521	9001	13304	13696	26251	111928	78715	167652	64130	0	0	0	0	0	0
LFQ	29	0	72	32713	272	536	699	620	1913	1982	1947	2256	2041	1248	711	1004	1549	2483	2054	1822	1828	2583	3043	2534	3689	3616	4949	9255	9424	9303	12329	17357	25794	108404	73954	171819	67803	1	0	0	0	0	0
LFQ	30	0	22	33615	225	455	711	520	2102	1787	1907	2331	2192	1401	900	754	1683	1710	1972	2445	2115	2446	2382	2984	2838	3749	4901	10283	9087	7550	13219	18412	24386	104678	69394	170006	78445	0	0	0	0	0	0
LFQ	31	0	32	34505	527	455	984	791	1525	2228	2099	2141	2361	1045	1717	1492	1510	1550	2188	2700	3150	3556	2581	2741	4798	4843	7284	11094	11509	8155	13727	22200	24935	105600	65022	162319	70243	0	0	0	0	0	0
LFQ	32	0	23	35463	250	325	717	399	1475	2374	1558	2018	2396	1348	961	831	1100	1396	1923	2223	2298	2725	2404	2346	3614	3023	3930	10907	10054	5407	10660	21336	24208	109317	70516	165469	78613	0	0	0	0	0	0
LFQ	33	0	21	54364	263	747	644	893	2214	1573	1821	2274	1996	1095	1247	1666	1640	2000	1708	1349	1868	3112	3515	3241	3014	4617	4525	8487	12223	9163	13659	13844	21907	106712	63776	160162	72267	0	0	0	0	0	0
LFQ	34	0	180	37456	466	946	1026	914	1697	2857	1883	2372	2243	1878	922	1951	2155	1889	2136	1998	2376	3247	3939	5389	5466	5367	13417	10065	23747	11949	13706	18277	31952	92414	70812	143351	63161	3	0	0	0	0	0
LFQ	35	0	28	38189	132	549	534	588	2064	1834	1634	1899	2384	1637	544	1120	1227	1227	1559	2665	2924	2668	3062	2892	3277	3570	4458	10291	10585	5796	10501	20995	23515	107849	67562	161741	82106	1	0	0	0	0	0
LFQ	36	0	28	39154	178	357	580	562	1228	2229	1682	1972	2251	1369	876	876	1208	1069	1293	2539	2539	2931	2302	2335	3654	3420	4788	8567	11318	6720	8755	21998	26199	103460	61895	169027	84248	0	0	0	0	0	0
LFQ	37	0	37	40083	160	320	534	500	1026	2198	1682	1607	2184	1454	1142	832	958	1250	973	1845	2929	2888	2576	2462	3278	3548	4586	7813	11819	6963	9581	22940	26520	99996	64210	163614	89099	0	0	0	0	0	0
LFQ	38	0	39	41164	378	385	753	926	1236	2009	2076	1740	1891	1616	1397	1312	1710	1494	1694	2474	2579	3323	3408	3314	4327	5806	6983	9257	12857	8480	14067	24470	24818	101544	61981	153027	79072	0	0	0	0	0	0
LFQ	39	0	31	42188	135	283	622	499	775	2117	1475	1766	1684	1885	1119	917	860	1077	1075	1184	2524	3215	2760	2544	2757	3944	4184	7656	12258	6513	8918	21278	26480	96365	64812	161718	95989	0	0	0	0	0	0
LFQ	40	0	35	43238	147	220	575	462	857	1923	1653	1735	1602	1743	951	932	854	1114	1001	1416	2431	3049	2910	2148	3025	3732	4114	7761	12328	6619	9272	20451	27719	94465	65104	160333	97688	0	0	0	0	0	0
LFQ	41	0	46	44340	176	214	592	427	592	1756	1989	1481	1825	1601	1188	777	856	1100	911	1299	2140	3105	2818	2322	2825	3851	4224	7446	11900	7393	9678	18774	29064	91639	69129	161616	94513	0	0	0	0	0	0
LFQ	42	0	52	45434	167	260	564	341	872	1903	1554	1734	1386	1682	1088	921	1000	1407	1063	1598	2038	2983	3485	2647	3932	4235	5271	7913	14304	11197	11703	20976	31464	88328	72070	145622	92413	0	0	0	0	0	0
LFQ	43	0	44	46575	184	190	489	410	578	1470	1789	1874	1354	1687	1127	732	962	1041	799	1148	1885	2929	3062	2076	3110	3408	3945	7074	12549	7493	9116	17556	31226	78944	77540	151195	108046	0	0	0	0	0	0
LFQ	44	0	49	47770	168	245	393	429	587	1344	2008	1695	1235	1675	1039	816	982	1020	828	1278	1861	3135	3003	2046	3245	3318	4695	6960	12654	7189	9796	17611	31256	77334	79207	145736	111000	0	0	0	0	0	0
LFQ	45	0	59	49035	152	291	476	369	919	1396	1573	1779	1771	1291	988	904	1133	1373	1205	1699	2151	2820	3107	2697	4260	4093	4549	8638	13292	9265	13262	19171	30016	72024	83458	138059	106332	0	0	0	0	0	0
LFQ	46	0	55	50161	168	279	212	629	433	1168	2072	1539	1366	1463	828	1078	743	1116	702	1228	1950	2611	2983	2641	2844	3478	4167	7365	13760	6444	9719	17366	31864	73674	80406	142104	112005	2986	0	0	0	0	0
LFQ	47	0	61	51434	192	349	223	508	564	1148	1983	1491	1549	1628	864	788	857	1296	671	1338	1972	2419	2871	2689	3290	3792	4393	6502	14009	7092	9741	16652	32565	71999	80102	142406	110283	3886	0	0	0	0	0
LFQ	48	0	52	52618	261	211	350	439	739	1059	1793	1932	985	1494	957	1059	676	1017	1233	1788	1953	2762	3066	2435	3095	4022	5237	7168	15092	7190	11224	16536	34483	69368	83886	124058	111576	11793	0	0	0	0	0
LFQ	49	0	126	53819	227	249	275	354	506	888	1545	1722	1372	1328	964	906	745	953	933	871	1271	2716	2954	2579	2692	3529	3612	5791	14990	6876	9351	12297	32305	72034	84612	127051	123534	7630	0	0	0	0	0
LFQ	50	0	62	55142	141	241	391	293	463	934	1657	1755	1283	1432	839	996	637	974	843	1160	1056	2627	3112	2653	2596	3719	3383	6414	13884	6822	8844	13723	33390	74744	79992	132107	117783	7515	0	0	0	0	0
LFQ	51	0	21	56279	126	84	313	327	382	501	849	1606	1620	1408	1589	831	699	559	954	1289	1253	1823	2234	2397	4010	3758	3944	7431	10879	9729	11615	13811	28566	90223	84650	122969	108994	5884	0	0	0	0	0
LFQ	52	0	22	57258	82	138	198	394	442	381	1058	1637	1632	1014	1604	652	957	547	1097	882	1179	1738	2671	3309	3041	3467	3987	6494	12176	9158	10435	13253	33067	73481	89251	119863	121268	5774	0	0	0	0	0
LFQ	53	0	67	58082	101	215	347	362	511	722	992	1643	1453	1120	1267	799	939	1002	1213	1351	1385	1599	3002	3554	2908	4169	4321	6915	13973	7621	10582	15435	32880	62898	96594	115919	120153	7513	0	0	0	0	0
LFQ	54	0	70	59029	81	177	272	223	357	519	984	1193	1293	1264	1296	699	675	821	633	1005	1026	1445	2540	3090	2623	2891	3392	5226	13252	7807	8280	12582	31447	67582	88342	125406	125706	10379	0	0	0	0	0
LFQ	55	0	72	60045	97	149	292	294	299	595	1123	1094	1334	1132	1264	689	755	761	903	1066	1092	1989	2633	2809	2855	3001	3198	5849	14421	7879	8343	12712	31500	65554	92489	122162	120126	13031	0	0	0	0	0
LFQ	56	0	78	61036	181	318	256	566	858	896	1225	1168	1622	1195	1153	566	1050	1701	1793	1784	1616	2336	2703	3579	4563	4250	5116	6992	11348	7371	11214	16564	29602	57202	87165	122953	116519	15068	0	0	0	0	0
LFQ	57	0	64	62083	67	173	373	302	446	881	1117	1346	1114	1472	1031	777	606	1071	950	1140	1391	2240	2776	2952	2580	2811	4007	6298	13629	6103	8599	12696	29710	60030	92128	120626	124824	15194	0	0	0	0	0
LFQ	58	0	94	63336	132	287	566	590	772	722	1045	1105	1259	1552	1619	1491	988	1782	1522	2259	1813	3120	3370	4974	4470	5764	6888	5883	13829	8857	16789	16572	34047	55481	84866	111017	110750	13996	0	0	0	0	0
LFQ	59	0	22	64080	144	131	288	211	404	613	1014	1151	989	974	1096	817	632	600	1031	1008	1536	1863	2440	2816	2972	3171	4234	5142	12064	9282	8372	14751	27281	59999	90853	117693	128802	15131	0	0	0	0	0
LFQ	60	0	16	65131	143	134	257	256	345	550	822	960	1274	1104	1091	600	634	652	585	1381	1111	1533	2348	2473	2772	2414	3081	5127	12378	8605	7914	13429	26066	61795	94558	121956	125089	15023	0	0	0	0	0
LFQ	61	0	24	66216	115	133	271	240	264	469	818	952	1195	942	960	814	573	627	528	1131	1122	1517	2180	2417	2982	2394	3033	4400	11652	9903	8044	12708	25122	62730	93001	113809	134062	16259	0	0	0	0	0
LFQ	62	0	0	67286	134	87	173	234	221	311	913	958	1012	869	824	945	514	544	745	614	1113	1444	2162	2675	2455	2770	2813	4849	10878	9958	7605	11809	27537	60634	93101	104907	145095	15418	0	0	0	0	0
LFQ	63	0	0	68391	152	122	161	408	207	547	1102	795	866	877	853	943	479	476	1025	1043	1473	1962	2098	2352	2410	3027	4049	5771	9098	12095	8249	14344	26800	61883	87887	105791	137410	18461	0	0	0	0	0
LFQ	64	0	0	69442	122	114	164	279	274	341	789	1043	766	1115	637	876	562	484	765	944	1322	1677	2168	2621	2543	2818	3611	5288	10513	10398	7373	16215	26326	58931	93036	105542	138773	15735	0	0	0	0	0
LFQ	65	0	0	70595	161	82	189	243	223	376	740	904	939	1126	791	834	554	402	583	799	1021	1604	2148	2228	2818	2680	2478	4518	8464	11411	7852	12764	20030	65189	90149	97265	152513	18934	0	0	0	0	0
LFQ	66	0	0	71782	121	104	155	273	261	345	828	1058	792	1015	739	851	570	464	816	932	1161	1786	1844	2535	2451	2566	2555	4598	9433	10860	7855	13202	21254	63832	88594	99517	143187	25271	0	0	0	0	0
LFQ	67	0	35	72991	81	85	225	265	184	334	806	925	1021	1251	732	678	629	520	621	1135	1269	1531	1967	2912	2671	2301	2893	4050	9377	12004	9231	13150	18307	67191	88472	94791	145608	23364	0	0	0	0	0
LFQ	68	0	0	74187	52	161	175	275	209	273	847	948	1044	960	884	768	541	405	867	674	1101	1579	2197	2547	2713	2430	3085	3630	7989	12186	7874	11997	18685	64118	88733	94202	150299	24972	0	0	0	0	0
LFQ	69	0	0	75355	56	191	237	280	231	337	794	907	1033	930	944	713	593	440	798	843	994	1566	2139	2453	2856	2472	3105	3923	7671	12335	8029	12390	17201	62890	88733	96166	147448	26554	0	0	0	0	0
LFQ	70	0	0	76509	64	144	222	268	286	386	972	825	1145	813	1027	773	453	521	813	665	1092	1552	2359	2528	2647	2394	3177	4318	8141	12873	8062	11432	19037	60222	87485	96483	147315	26604	0	0	0	0	0
LFQ	71	0	0	77695	64	148	209	209	222	317	821	753	963	959	852	882	527	490	648	770	1114	1331	2212	2560	2961	2352	3138	3730	8032	11507	9279	11675	17418	55944	93811	93853	146722	29439	0	0	0	0	0
LFQ	72	0	0	79042	118	66	332	180	640	632	884	841	912	980	768	961	601	899	1145	2198	1457	1691	2338	3738	4233	4095	5976	5843	8883	13922	10665	18739	22305	68898	82416	86072	127353	23784	0	0	0	0	0
LFQ	73	0	0	80158	54	143	156	173	297	295	869	767	1020	953	835	849	411	482	683	769	1030	1065	2183	2454	2690	2890	3160	3638	7529	12518	8134	11288	18336	56573	98063	82415	150752	29975	0	0	0	0	0
LFQ	74	0	35	81435	36	174	170	184	264	249	849	810	909	970	803	769	452	552	756	783	1148	1217	2092	2629	2596	2830	2963	3707	7560	11951	9225	11262	18828	59100	99237	79455	149133	28474	0	0	0	0	0
LFQ	75	0	43	82809	45	126	202	249	200	325	944	787	1051	900	949	718	474	455	767	947	966	1419	2202	2561	2668	2542	3149	4356	8305	9363	10893	11006	18856	58805	96170	76401	153174	28780	0	0	0	0	0
LFQ	76	0	84	84179	161	287	395	614	237	503	1127	856	1251	1461	1158	1175	1119	955	1598	2072	2362	2766	3071	2808	4646	4303	4529	8118	8795	9486	13674	12043	28108	57005	87752	82454	126090	26365	0	0	0	0	0
LFQ	77	0	44	85491	30	136	183	159	276	251	725	796	975	952	886	889	350	582	708	846	1057	956	1899	2675	2529	2982	3539	3621	7122	10609	11095	10628	18042	61946	94914	71891	149414	34409	0	0	0	0	0
LFQ	78	0	46	86879	58	94	189	104	322	202	598	918	873	1061	837	763	422	579	669	721	1095	1013	1657	2349	2811	2789	3574	3189	7040	10603	10546	11099	17766	60205	96915	67845	150670	37106	0	0	0	0	0
LFQ	79	0	45	88342	74	124	163	148	291	280	609	831	900	946	881	639	485	597	612	739	1005	1093	1720	2345	2728	2895	3501	3572	7151	9859	11053	10813	19244	61076	92603	71176	150373	34694	0	0	0	0	0
LFQ	80	0	57	89952	69	133	155	111	297	261	633	929	888	1006	881	684	434	630	707	795	1082	1164	1721	2463	2410	2936	3600	3429	6541	10918	10846	10325	18461	62744	90246	70547	148310	37242	0	0	0	0	0
LFQ	81	0	47	91640	124	117	205	268	338	399	632	793	988	1013	905	650	704	646	924	1078	1383	1601	2107	2997	3128	3516	4498	5413	6675	13289	10117	13638	20107	70052	78849	75093	137534	32139	0	0	0	0	0
LFQ	82	0	45	93311	108	123	195	166	426	368	449	892	984	821	909	691	525	898	912	966	1253	1326	1908	2688	2602	4229	4347	4871	6374	11701	11345	13887	20112	66659	81646	76338	130265	39267	0	0	0	0	0
LFQ	83	0	51	94972	58	141	118	147	294	177	634	836	989	895	815	701	363	511	858	839	1014	889	1979	2368	2679	2788	3844	3330	5438	11641	11674	11368	21284	61713	91350	68901	142104	35844	0	0	0	0	0
LFQ	84	0	51	96772	67	105	106	156	276	200	526	921	844	940	849	657	453	542	570	666	1051	1162	1673	2406	2177	2920	4144	2826	6476	11685	9070	11869	21900	63497	88954	68499	144645	33952	0	0	0	0	0
LFQ	85	0	49	98674	72	99	78	134	310	270	515	945	842	846	828	640	388	655	569	828	1009	1143	1688	2277	2214	2971	3575	3564	5562	12003	9246	11863	21627	62397	88161	70114	143453	33072	926	0	0	0	0
LFQ	86	0	45	100712	64	110	97	139	310	169	541	986	829	782	828	685	427	589	572	796	1026	1089	1775	2329	2206	3081	3703	3074	6206	11350	8743	13260	23431	63270	86167	68944	141971	31575	1726	0	0	0	0
LFQ	87	0	57	102832	52	117	101	132	292	237	472	1062	832	834	858	584	476	625	513	905	1001	1151	1672	2339	2409	2822	3154	3877	5858	13081	9285	11795	23694	63701	82565	69979	141912	31018	1313	0	0	0	0
LFQ	88	0	48	105028	57	128	93	91	284	157	359	990	933	757	791	628	339	578	719	805	1009	1123	1545	2594	2623	2733	4083	3208	6193	12956	8681	15902	23579	68332	78142	69441	136227	31825	626	0	0	0	0
LFQ	89	0	98	107419	39	214	408	254	210	402	739	781	1199	734	1123	754	856	820	1360	999	1872	2964	2773	3379	3057	3947	5951	5429	7233	15334	10012	13941	26361	67575	75292	64814	129619	25645	0	0	0	0	0
LFQ	90	0	48	109894	65	104	82	93	233	155	266	1002	782	664	710	577	437	583	448	814	803	1091	1647	2048	2546	2697	3499	3566	5458	12347	8528	12602	24767	71270	77257	72370	137247	26553	354	0	0	0	0
LFQ	91	0	56	112700	39	96	62	96	211	228	214	1004	785	545	843	417	618	431	489	725	891	989	1719	1958	2566	2762	3735	3229	5949	11844	8134	13212	24949	74172	72336	82349	130332	22019	903	0	0	0	0
LFQ	92	0	62	115755	134	71	60	76	215	198	288	1216	686	589	736	489	295	983	464	754	1070	1143	2046	2619	2822	2479	4155	4594	7210	14334	10858	15941	26163	80609	65893	74692	121358	21246	1304	0	0	0	0
LFQ	93	0	45	119175	36	38	101	85	207	164	284	819	663	577	667	575	381	492	439	709	960	862	1831	2058	2397	2507	4222	2919	6067	11637	8815	13805	27517	86553	65645	77591	124812	17045	907	0	0	0	0
LFQ	94	0	48	123061	38	43	103	74	156	119	195	820	683	448	544	585	441	540	381	623	920	869	1613	1857	2488	2482	3999	2998	5839	12514	8741	13048	28905	92668	58951	75877	124429	15636	871	0	0	0	0
LFQ	95	0	62	127374	64	54	159	227	141	112	230	796	714	537	604	645	766	650	676	845	1207	1360	1859	2849	3346	3623	5289	4899	7573	13794	13300	13549	31428	85625	65883	64460	115024	13883	0	0	0	0	0
LFQ	96	0	44	132357	48	28	95	51	100	87	146	612	446	480	511	478	449	356	379	602	687	816	1230	1680	2040	2565	3908	3723	6409	10744	10127	14438	33641	94900	61124	76361	117968	3977	0	0	0	0	0
LFQ	97	0	22	138052	35	23	78	27	51	100	97	376	413	364	503	412	323	338	368	526	621	734	1285	1464	2637	2433	3472	3867	6198	10260	10742	16762	42395	92605	59229	75566	108240	2989	0	0	0	0	0
LFQ	98	0	0	144593	26	15	47	4	9	68	69	222	321	233	335	364	191	289	202	368	570	927	1220	1391	2393	2851	2738	4999	6152	10503	11128	21254	59053	77839	60763	107344	64452	674	0	0	0	0	0
LFQ	99	0	0	151840	4	3	6	10	3	27	28	75	90	100	154	146	226	138	243	242	469	1196	808	1957	1994	2693	3071	5274	7591	10427	11730	24537	72629	62885	68330	119861	34820	0	0	0	0	0	0
LFQ	100	0	0	159482	0	0	0	0	0	20	1	14	20	37	85	152	35	145	162	295	632	1294	915	2068	2324	2636	3458	4971	6917	11400	13341	23373	62257	65990	66189	85370	69248	776	0	0	0	0	0
LFQ	101	0	0	168028	0	0	4	186	140	17	16	367	397	481	550	815	1695	1704	2545	2786	2926	3287	4557	3956	6061	7337	7153	8164	12702	15064	22544	27285	69706	44978	57413	84163	24882	0	0	0	0	0	0
LFQ	102	0	0	0	0	0	0	0	0	0	0	0	0	0	0	0	0	0	0	0	0	0	0	0	0	0	0	0	0	0	0	0	0	0	0	0	0	0	0	0	0	0	0
# GC Content of first fragments. Use `grep ^GCF | cut -f 2-` to extract this part.
GCF	0.75	1
GCF	3.02	0
GCF	5.53	2
GCF	7.04	4
GCF	8.04	2
GCF	9.05	4
GCF	10.05	5
GCF	11.06	8
GCF	12.06	7
GCF	13.07	18
GCF	14.07	17
GCF	15.08	23
GCF	16.08	33
GCF	17.09	42
GCF	18.09	59
GCF	19.10	140
GCF	20.10	260
GCF	21.11	507
GCF	22.11	917
GCF	23.12	1351
GCF	24.12	2004
GCF	25.13	2769
GCF	26.13	3657
GCF	27.14	4448
GCF	28.14	5687
GCF	29.15	6964
GCF	30.15	8075
GCF	31.16	9121
GCF	32.16	9683
GCF	32.91	10748
GCF	33.67	10979
GCF	34.67	11929
GCF	35.68	12016
GCF	36.68	12433
GCF	37.69	12776
GCF	38.69	12881
GCF	39.70	13241
GCF	40.70	13045
GCF	41.71	13079
GCF	42.71	13015
GCF	43.72	13183
GCF	44.72	13366
GCF	45.73	13510
GCF	46.73	13704
GCF	47.74	13691
GCF	48.74	14093
GCF	49.75	14080
GCF	50.75	13977
GCF	51.76	14030
GCF	52.76	13830
GCF	53.77	13918
GCF	54.77	13897
GCF	55.78	13921
GCF	56.78	14304
GCF	57.79	14561
GCF	58.79	14500
GCF	59.80	14729
GCF	60.80	14651
GCF	61.81	14426
GCF	62.81	13979
GCF	63.82	13392
GCF	64.82	12498
GCF	65.83	11840
GCF	66.58	10876
GCF	67.34	10369
GCF	68.34	9096
GCF	69.35	7895
GCF	70.35	6386
GCF	71.36	5188
GCF	72.36	4104
GCF	73.37	3355
GCF	74.37	2669
GCF	75.38	2333
GCF	76.38	2025
GCF	77.39	2174
GCF	78.39	1605
GCF	79.40	1400
GCF	80.40	1220
GCF	81.41	998
GCF	82.41	699
GCF	83.42	582
GCF	84.42	379
GCF	85.43	217
GCF	86.43	153
GCF	87.44	110
GCF	88.44	68
GCF	89.45	51
GCF	90.45	28
GCF	91.46	16
GCF	92.96	13
GCF	94.47	5
GCF	95.98	2
GCF	97.49	0
GCF	98.49	2
# GC Content of last fragments. Use `grep ^GCL | cut -f 2-` to extract this part.
GCL	0.25	2
GCL	1.51	5
GCL	3.02	9
GCL	4.02	6
GCL	5.03	15
GCL	6.03	12
GCL	7.04	9
GCL	8.04	26
GCL	9.05	11
GCL	10.05	23
GCL	11.06	29
GCL	12.06	16
GCL	13.07	25
GCL	14.07	30
GCL	15.08	28
GCL	16.08	53
GCL	17.09	67
GCL	18.09	85
GCL	19.10	146
GCL	20.10	276
GCL	21.11	464
GCL	22.11	836
GCL	23.12	1265
GCL	24.12	1878
GCL	25.13	2672
GCL	26.13	3388
GCL	27.14	4400
GCL	28.14	5567
GCL	29.15	6755
GCL	30.15	7934
GCL	31.16	8753
GCL	32.16	9366
GCL	32.91	10332
GCL	33.42	10854
GCL	33.92	10865
GCL	34.42	11501
GCL	34.92	11509
GCL	35.43	11863
GCL	35.93	11845
GCL	36.43	12257
GCL	36.93	12252
GCL	37.44	12394
GCL	37.94	12385
GCL	38.44	12633
GCL	38.94	12646
GCL	39.45	13216
GCL	39.95	13223
GCL	40.45	12740
GCL	40.95	12724
GCL	41.46	13067
GCL	41.96	13083
GCL	42.46	13146
GCL	42.96	13147
GCL	43.72	13330
GCL	44.47	13434
GCL	44.97	13424
GCL	45.48	13448
GCL	45.98	13449
GCL	46.48	13625
GCL	46.98	13637
GCL	47.49	13854
GCL	47.99	13876
GCL	48.49	14467
GCL	48.99	14454
GCL	49.50	13985
GCL	50.00	13978
GCL	50.50	14151
GCL	51.01	14143
GCL	51.51	14121
GCL	52.01	14125
GCL	52.51	13842
GCL	53.02	13841
GCL	53.52	14018
GCL	54.02	14007
GCL	54.52	14137
GCL	55.03	14139
GCL	55.53	14089
GCL	56.03	14081
GCL	56.53	14370
GCL	57.04	14395
GCL	57.54	14737
GCL	58.04	14729
GCL	58.54	14663
GCL	59.05	14671
GCL	59.55	14795
GCL	60.05	14776
GCL	60.55	14616
GCL	61.06	14607
GCL	61.56	14185
GCL	62.06	14188
GCL	62.81	13960
GCL	63.57	13581
GCL	64.07	13575
GCL	64.57	12781
GCL	65.08	12770
GCL	65.58	11877
GCL	66.08	11885
GCL	66.58	11050
GCL	67.34	9901
GCL	68.34	9119
GCL	69.35	7780
GCL	70.35	6437
GCL	71.36	5242
GCL	72.36	4188
GCL	73.37	3569
GCL	74.37	2956
GCL	75.38	2509
GCL	76.38	2160
GCL	77.39	2207
GCL	78.39	1618
GCL	79.40	1522
GCL	80.40	1338
GCL	81.41	1068
GCL	82.41	759
GCL	83.42	640
GCL	84.42	415
GCL	85.43	315
GCL	86.43	181
GCL	87.44	141
GCL	88.44	95
GCL	89.45	68
GCL	90.45	48
GCL	91.46	23
GCL	92.46	17
GCL	93.47	16
GCL	94.47	15
GCL	95.48	1
GCL	96.48	8
GCL	97.49	4
GCL	98.49	2
# ACGT content per cycle. Use `grep ^GCC | cut -f 2-` to extract this part. The columns are: cycle; A,C,G,T base counts as a percentage of all A/C/G/T bases [%]; and N and O counts as a percentage of all A/C/G/T bases [%]
GCC	1	26.66	23.13	23.29	26.93	0.06	0.00
GCC	2	25.75	24.09	24.16	26.00	0.01	0.00
GCC	3	25.48	24.48	24.48	25.56	0.02	0.00
GCC	4	25.13	24.82	24.77	25.29	0.05	0.00
GCC	5	25.70	24.19	24.29	25.83	0.02	0.00
GCC	6	25.01	24.82	24.99	25.17	0.02	0.00
GCC	7	25.43	24.39	24.53	25.65	0.03	0.00
GCC	8	25.43	24.44	24.49	25.63	0.03	0.00
GCC	9	25.50	24.34	24.44	25.73	0.02	0.00
GCC	10	25.34	24.50	24.63	25.52	0.02	0.00
GCC	11	25.29	24.54	24.56	25.61	0.02	0.00
GCC	12	25.26	24.63	24.61	25.50	0.02	0.00
GCC	13	25.39	24.52	24.51	25.59	0.03	0.00
GCC	14	25.37	24.57	24.54	25.52	0.02	0.00
GCC	15	25.35	24.48	24.66	25.52	0.02	0.00
GCC	16	25.35	24.50	24.62	25.53	0.02	0.00
GCC	17	25.30	24.59	24.70	25.42	0.02	0.00
GCC	18	25.24	24.68	24.74	25.35	0.02	0.00
GCC	19	25.24	24.68	24.76	25.32	0.03	0.00
GCC	20	25.15	24.75	24.75	25.35	0.02	0.00
GCC	21	25.03	24.84	24.82	25.30	0.02	0.00
GCC	22	25.06	24.80	24.89	25.25	0.03	0.00
GCC	23	24.96	24.83	24.92	25.30	0.03	0.00
GCC	24	24.98	24.85	24.99	25.17	0.02	0.00
GCC	25	24.99	24.89	24.93	25.19	0.02	0.00
GCC	26	24.94	24.90	24.99	25.17	0.02	0.00
GCC	27	24.87	24.95	25.04	25.14	0.02	0.00
GCC	28	24.91	24.95	25.02	25.12	0.02	0.00
GCC	29	24.87	25.02	25.05	25.07	0.02	0.00
GCC	30	24.88	25.01	25.08	25.03	0.02	0.00
GCC	31	24.85	25.03	25.07	25.05	0.01	0.00
GCC	32	24.80	25.06	25.08	25.05	0.02	0.00
GCC	33	24.78	25.08	25.17	24.97	1.69	0.00
GCC	34	24.84	25.05	25.17	24.94	0.02	0.00
GCC	35	24.77	25.21	25.09	24.93	0.02	0.00
GCC	36	24.73	25.11	25.16	25.00	0.02	0.00
GCC	37	24.78	25.09	25.13	24.99	0.02	0.00
GCC	38	24.74	25.16	25.18	24.91	0.01	0.00
GCC	39	24.73	25.22	25.14	24.91	0.01	0.00
GCC	40	24.70	25.23	25.21	24.87	0.01	0.00
GCC	41	24.74	25.19	25.21	24.86	0.01	0.00
GCC	42	24.71	25.30	25.22	24.77	0.01	0.00
GCC	43	24.72	25.22	25.20	24.85	0.02	0.00
GCC	44	24.67	25.23	25.25	24.85	0.02	0.00
GCC	45	24.66	25.25	25.29	24.79	0.02	0.00
GCC	46	24.60	25.26	25.30	24.85	0.01	0.00
GCC	47	24.62	25.28	25.34	24.75	0.02	0.00
GCC	48	24.61	25.29	25.30	24.81	0.02	0.00
GCC	49	24.65	25.32	25.27	24.76	0.03	0.00
GCC	50	24.59	25.27	25.34	24.79	0.02	0.00
GCC	51	24.56	25.33	25.39	24.73	0.50	0.00
GCC	52	24.63	25.28	25.27	24.81	0.01	0.00
GCC	53	24.58	25.29	25.33	24.80	0.02	0.00
GCC	54	24.62	25.30	25.28	24.80	0.02	0.00
GCC	55	24.62	25.27	25.33	24.78	0.03	0.00
GCC	56	24.63	25.27	25.27	24.83	0.01	0.00
GCC	57	24.62	25.30	25.31	24.78	0.01	0.00
GCC	58	24.64	25.28	25.35	24.72	0.03	0.00
GCC	59	24.65	25.27	25.40	24.67	0.01	0.00
GCC	60	24.57	25.28	25.31	24.84	0.01	0.00
GCC	61	24.56	25.31	25.35	24.77	0.01	0.00
GCC	62	24.62	25.22	25.32	24.83	0.02	0.00
GCC	63	24.56	25.34	25.33	24.77	0.02	0.00
GCC	64	24.61	25.31	25.26	24.82	0.01	0.00
GCC	65	24.58	25.26	25.42	24.74	0.01	0.00
GCC	66	24.50	25.38	25.40	24.71	0.01	0.00
GCC	67	24.53	25.34	25.38	24.75	0.02	0.00
GCC	68	24.51	25.34	25.42	24.73	0.01	0.00
GCC	69	24.47	25.48	25.45	24.60	0.01	0.00
GCC	70	24.50	25.36	25.44	24.70	0.34	0.00
GCC	71	24.41	25.37	25.54	24.68	0.49	0.00
GCC	72	24.56	25.31	25.43	24.70	0.03	0.00
GCC	73	24.43	25.48	25.42	24.68	0.02	0.00
GCC	74	24.52	25.35	25.46	24.66	0.03	0.00
GCC	75	24.47	25.44	25.43	24.66	0.01	0.00
GCC	76	24.55	25.42	25.35	24.69	0.02	0.00
GCC	77	24.51	25.37	25.42	24.70	0.02	0.00
GCC	78	24.46	25.46	25.42	24.66	0.02	0.00
GCC	79	24.54	25.43	25.41	24.62	0.02	0.00
GCC	80	24.39	25.46	25.47	24.68	0.02	0.00
GCC	81	24.49	25.51	25.41	24.59	0.01	0.00
GCC	82	24.50	25.49	25.45	24.56	0.01	0.00
GCC	83	24.52	25.42	25.43	24.63	0.02	0.00
GCC	84	24.42	25.46	25.53	24.59	0.03	0.00
GCC	85	24.44	25.53	25.47	24.56	0.03	0.00
GCC	86	24.48	25.47	25.42	24.63	0.02	0.00
GCC	87	24.44	25.53	25.42	24.60	0.04	0.00
GCC	88	24.43	25.47	25.46	24.64	0.02	0.00
GCC	89	24.48	25.46	25.54	24.52	0.02	0.00
GCC	90	24.49	25.53	25.47	24.51	0.02	0.00
GCC	91	24.35	25.55	25.54	24.56	0.02	0.00
GCC	92	24.39	25.51	25.51	24.60	0.03	0.00
GCC	93	24.37	25.53	25.49	24.61	0.04	0.00
GCC	94	24.35	25.60	25.52	24.53	0.02	0.00
GCC	95	24.41	25.53	25.47	24.60	0.02	0.00
GCC	96	24.32	25.59	25.58	24.51	0.03	0.00
GCC	97	24.42	25.50	25.56	24.51	0.03	0.00
GCC	98	24.32	25.55	25.56	24.58	0.04	0.00
GCC	99	24.32	25.60	25.58	24.50	0.03	0.00
GCC	100	24.38	25.53	25.58	24.52	0.08	0.00
GCC	101	23.94	25.90	25.99	24.18	0.10	0.00
# Insert sizes. Use `grep ^IS | cut -f 2-` to extract this part. The columns are: insert size, pairs total, inward oriented pairs, outward oriented pairs, other pairs
IS	0	437	0	2	435
IS	1	5	0	2	3
IS	2	0	0	0	0
IS	3	2	0	2	0
IS	4	1	0	1	0
IS	5	1	0	1	0
IS	6	3	0	3	0
IS	7	1	0	1	0
IS	8	0	0	0	0
IS	9	3	0	3	0
IS	10	1	0	1	0
IS	11	0	0	0	0
IS	12	2	0	2	0
IS	13	0	0	0	0
IS	14	0	0	0	0
IS	15	3	0	2	1
IS	16	4	0	4	0
IS	17	5	0	5	0
IS	18	1	0	1	0
IS	19	2	0	2	0
IS	20	3	0	3	0
IS	21	1	0	1	0
IS	22	1	0	1	0
IS	23	2	0	2	0
IS	24	1	0	1	0
IS	25	2	0	1	1
IS	26	1	0	1	0
IS	27	5	0	5	0
IS	28	0	0	0	0
IS	29	0	0	0	0
IS	30	0	0	0	0
IS	31	3	0	3	0
IS	32	5	0	5	0
IS	33	0	0	0	0
IS	34	1	0	1	0
IS	35	4	3	1	0
IS	36	2	0	2	0
IS	37	3	0	3	0
IS	38	2	0	2	0
IS	39	0	0	0	0
IS	40	3	0	3	0
IS	41	3	2	1	0
IS	42	3	0	3	0
IS	43	1	0	1	0
IS	44	5	0	5	0
IS	45	6	2	4	0
IS	46	3	1	2	0
IS	47	3	0	3	0
IS	48	2	0	2	0
IS	49	3	1	2	0
IS	50	2	0	2	0
IS	51	1	0	1	0
IS	52	1	0	1	0
IS	53	3	1	2	0
IS	54	3	0	3	0
IS	55	1	0	1	0
IS	56	6	2	4	0
IS	57	6	1	4	1
IS	58	1	1	0	0
IS	59	2	0	2	0
IS	60	2	0	1	1
IS	61	2	1	1	0
IS	62	4	0	4	0
IS	63	7	3	4	0
IS	64	1	1	0	0
IS	65	2	0	2	0
IS	66	5	1	4	0
IS	67	4	1	3	0
IS	68	4	0	3	1
IS	69	6	2	4	0
IS	70	2	0	2	0
IS	71	6	0	6	0
IS	72	4	1	3	0
IS	73	5	1	4	0
IS	74	3	0	3	0
IS	75	13	4	9	0
IS	76	5	2	3	0
IS	77	10	3	7	0
IS	78	8	3	5	0
IS	79	10	1	9	0
IS	80	9	2	7	0
IS	81	12	2	10	0
IS	82	17	1	16	0
IS	83	17	4	13	0
IS	84	26	5	21	0
IS	85	19	8	11	0
IS	86	21	3	18	0
IS	87	19	3	15	1
IS	88	27	4	23	0
IS	89	25	5	20	0
IS	90	36	12	24	0
IS	91	25	4	21	0
IS	92	30	6	24	0
IS	93	22	5	17	0
IS	94	39	10	29	0
IS	95	34	5	29	0
IS	96	43	11	32	0
IS	97	39	10	29	0
IS	98	51	8	43	0
IS	99	67	15	52	0
IS	100	127	11	116	0
IS	101	5	5	0	0
IS	102	145	144	0	1
IS	103	163	163	0	0
IS	104	137	137	0	0
IS	105	165	165	0	0
IS	106	157	157	0	0
IS	107	160	160	0	0
IS	108	158	158	0	0
IS	109	153	151	1	1
IS	110	182	182	0	0
IS	111	208	206	2	0
IS	112	173	173	0	0
IS	113	177	177	0	0
IS	114	191	190	1	0
IS	115	179	179	0	0
IS	116	169	169	0	0
IS	117	211	209	2	0
IS	118	178	178	0	0
IS	119	194	194	0	0
IS	120	215	215	0	0
IS	121	196	196	0	0
IS	122	221	221	0	0
IS	123	180	180	0	0
IS	124	220	220	0	0
IS	125	227	226	0	1
IS	126	189	189	0	0
IS	127	200	200	0	0
IS	128	205	204	1	0
IS	129	201	201	0	0
IS	130	205	205	0	0
IS	131	188	188	0	0
IS	132	220	220	0	0
IS	133	202	202	0	0
IS	134	212	212	0	0
IS	135	202	202	0	0
IS	136	212	212	0	0
IS	137	239	238	0	1
IS	138	214	214	0	0
IS	139	223	223	0	0
IS	140	244	243	0	1
IS	141	233	232	1	0
IS	142	213	213	0	0
IS	143	237	237	0	0
IS	144	213	213	0	0
IS	145	216	214	0	2
IS	146	202	202	0	0
IS	147	201	201	0	0
IS	148	234	234	0	0
IS	149	215	214	0	1
IS	150	199	199	0	0
IS	151	212	212	0	0
IS	152	230	230	0	0
IS	153	229	228	0	1
IS	154	225	225	0	0
IS	155	227	227	0	0
IS	156	231	231	0	0
IS	157	204	204	0	0
IS	158	225	225	0	0
IS	159	241	241	0	0
IS	160	250	250	0	0
IS	161	239	239	0	0
IS	162	275	275	0	0
IS	163	204	204	0	0
IS	164	243	243	0	0
IS	165	249	246	1	2
IS	166	226	226	0	0
IS	167	223	223	0	0
IS	168	261	261	0	0
IS	169	256	256	0	0
IS	170	241	240	0	1
IS	171	241	240	0	1
IS	172	256	256	0	0
IS	173	249	249	0	0
IS	174	242	242	0	0
IS	175	241	240	0	1
IS	176	253	253	0	0
IS	177	253	253	0	0
IS	178	237	236	0	1
IS	179	264	264	0	0
IS	180	254	254	0	0
IS	181	243	242	0	1
IS	182	254	254	0	0
IS	183	265	264	0	1
IS	184	240	239	0	1
IS	185	234	233	0	1
IS	186	243	243	0	0
IS	187	232	232	0	0
IS	188	239	239	0	0
IS	189	240	240	0	0
IS	190	235	235	0	0
IS	191	232	231	0	1
IS	192	265	264	0	1
IS	193	247	247	0	0
IS	194	264	264	0	0
IS	195	269	266	0	3
IS	196	284	284	0	0
IS	197	262	261	0	1
IS	198	257	257	0	0
IS	199	259	259	0	0
IS	200	237	237	0	0
IS	201	226	226	0	0
IS	202	293	293	0	0
IS	203	244	244	0	0
IS	204	241	241	0	0
IS	205	272	272	0	0
IS	206	279	279	0	0
IS	207	248	247	0	1
IS	208	246	246	0	0
IS	209	264	264	0	0
IS	210	265	264	0	1
IS	211	237	237	0	0
IS	212	293	290	0	3
IS	213	273	273	0	0
IS	214	253	253	0	0
IS	215	237	237	0	0
IS	216	242	242	0	0
IS	217	233	233	0	0
IS	218	275	275	0	0
IS	219	242	242	0	0
IS	220	251	251	0	0
IS	221	251	251	0	0
IS	222	279	278	0	1
IS	223	266	266	0	0
IS	224	252	251	0	1
IS	225	261	261	0	0
IS	226	256	256	0	0
IS	227	259	259	0	0
IS	228	278	278	0	0
IS	229	275	275	0	0
IS	230	268	267	0	1
IS	231	275	275	0	0
IS	232	282	279	1	2
IS	233	252	252	0	0
IS	234	288	288	0	0
IS	235	241	241	0	0
IS	236	275	275	0	0
IS	237	270	270	0	0
IS	238	270	269	1	0
IS	239	263	263	0	0
IS	240	249	248	1	0
IS	241	270	270	0	0
IS	242	300	299	0	1
IS	243	264	263	0	1
IS	244	276	276	0	0
IS	245	272	271	0	1
IS	246	276	276	0	0
IS	247	317	316	0	1
IS	248	256	256	0	0
IS	249	274	274	0	0
IS	250	274	273	0	1
IS	251	292	292	0	0
IS	252	282	282	0	0
IS	253	289	289	0	0
IS	254	272	272	0	0
IS	255	260	259	0	1
IS	256	289	289	0	0
IS	257	306	306	0	0
IS	258	286	285	0	1
IS	259	289	289	0	0
IS	260	269	269	0	0
IS	261	296	296	0	0
IS	262	287	285	1	1
IS	263	274	274	0	0
IS	264	264	264	0	0
IS	265	290	290	0	0
IS	266	291	291	0	0
IS	267	314	313	0	1
IS	268	310	310	0	0
IS	269	309	308	0	1
IS	270	334	334	0	0
IS	271	314	314	0	0
IS	272	288	288	0	0
IS	273	314	314	0	0
IS	274	333	333	0	0
IS	275	326	325	0	1
IS	276	289	288	0	1
IS	277	299	298	1	0
IS	278	332	331	0	1
IS	279	321	321	0	0
IS	280	362	362	0	0
IS	281	336	335	0	1
IS	282	357	356	0	1
IS	283	331	331	0	0
IS	284	386	385	0	1
IS	285	399	399	0	0
IS	286	362	361	0	1
IS	287	337	336	1	0
IS	288	385	385	0	0
IS	289	376	376	0	0
IS	290	378	376	0	2
IS	291	396	396	0	0
IS	292	398	398	0	0
IS	293	411	411	0	0
IS	294	430	429	0	1
IS	295	450	450	0	0
IS	296	469	469	0	0
IS	297	442	442	0	0
IS	298	509	508	0	1
IS	299	492	490	2	0
IS	300	485	485	0	0
IS	301	542	542	0	0
IS	302	547	547	0	0
IS	303	577	577	0	0
IS	304	580	580	0	0
IS	305	633	633	0	0
IS	306	628	628	0	0
IS	307	706	706	0	0
IS	308	709	709	0	0
IS	309	754	754	0	0
IS	310	874	873	1	0
IS	311	911	911	0	0
IS	312	1030	1029	0	1
IS	313	1080	1080	0	0
IS	314	1189	1188	0	1
IS	315	1367	1367	0	0
IS	316	1491	1490	1	0
IS	317	1699	1699	0	0
IS	318	1877	1877	0	0
IS	319	2191	2191	0	0
IS	320	2399	2399	0	0
IS	321	2732	2732	0	0
IS	322	3043	3043	0	0
IS	323	3376	3376	0	0
IS	324	3764	3764	0	0
IS	325	4506	4506	0	0
IS	326	4949	4949	0	0
IS	327	5527	5527	0	0
IS	328	6256	6256	0	0
IS	329	6788	6788	0	0
IS	330	7243	7243	0	0
IS	331	7984	7984	0	0
IS	332	8710	8710	0	0
IS	333	9328	9328	0	0
IS	334	10053	10052	0	1
IS	335	10564	10564	0	0
IS	336	10893	10892	0	1
IS	337	11570	11570	0	0
IS	338	11673	11673	0	0
IS	339	11888	11887	1	0
IS	340	12282	12282	0	0
IS	341	12527	12527	0	0
IS	342	12745	12745	0	0
IS	343	12461	12461	0	0
IS	344	12558	12558	0	0
IS	345	12731	12731	0	0
IS	346	12341	12341	0	0
IS	347	12610	12610	0	0
IS	348	12467	12467	0	0
IS	349	12531	12531	0	0
IS	350	12362	12362	0	0
IS	351	11916	11916	0	0
IS	352	12085	12085	0	0
IS	353	12032	12032	0	0
IS	354	11720	11719	0	1
IS	355	11427	11427	0	0
IS	356	11228	11228	0	0
IS	357	10818	10818	0	0
IS	358	10409	10409	0	0
IS	359	9973	9973	0	0
IS	360	9492	9492	0	0
IS	361	9098	9098	0	0
IS	362	8467	8467	0	0
IS	363	7799	7799	0	0
IS	364	6808	6808	0	0
IS	365	6288	6288	0	0
IS	366	5480	5480	0	0
IS	367	4795	4795	0	0
IS	368	4219	4219	0	0
IS	369	3511	3511	0	0
IS	370	2986	2986	0	0
IS	371	2533	2533	0	0
IS	372	2043	2043	0	0
IS	373	1604	1604	0	0
IS	374	1265	1265	0	0
IS	375	977	977	0	0
IS	376	792	792	0	0
IS	377	592	591	0	1
IS	378	472	472	0	0
IS	379	408	408	0	0
IS	380	296	296	0	0
IS	381	277	277	0	0
IS	382	228	228	0	0
IS	383	223	223	0	0
IS	384	232	232	0	0
IS	385	210	210	0	0
IS	386	199	199	0	0
IS	387	183	183	0	0
IS	388	179	179	0	0
IS	389	164	163	0	1
IS	390	141	140	1	0
IS	391	158	158	0	0
IS	392	168	168	0	0
IS	393	172	172	0	0
IS	394	157	157	0	0
IS	395	164	164	0	0
IS	396	141	140	0	1
IS	397	155	155	0	0
IS	398	163	163	0	0
IS	399	174	174	0	0
IS	400	139	139	0	0
IS	401	151	151	0	0
IS	402	135	135	0	0
IS	403	147	147	0	0
IS	404	164	164	0	0
IS	405	136	136	0	0
IS	406	145	144	0	1
IS	407	147	147	0	0
IS	408	137	137	0	0
IS	409	148	148	0	0
IS	410	151	151	0	0
IS	411	135	135	0	0
IS	412	152	152	0	0
IS	413	144	144	0	0
IS	414	118	118	0	0
IS	415	154	154	0	0
IS	416	148	148	0	0
IS	417	130	130	0	0
IS	418	151	151	0	0
IS	419	152	151	0	1
IS	420	142	141	0	1
IS	421	118	118	0	0
IS	422	119	119	0	0
IS	423	132	132	0	0
IS	424	142	142	0	0
IS	425	112	112	0	0
IS	426	95	95	0	0
IS	427	129	129	0	0
IS	428	112	112	0	0
IS	429	115	115	0	0
IS	430	118	118	0	0
IS	431	114	114	0	0
IS	432	119	119	0	0
IS	433	138	138	0	0
IS	434	111	111	0	0
IS	435	125	125	0	0
IS	436	110	110	0	0
IS	437	136	136	0	0
IS	438	130	130	0	0
IS	439	114	114	0	0
IS	440	94	94	0	0
IS	441	106	106	0	0
IS	442	109	109	0	0
IS	443	104	103	0	1
IS	444	111	110	0	1
IS	445	94	94	0	0
IS	446	103	103	0	0
IS	447	94	94	0	0
IS	448	101	101	0	0
IS	449	86	86	0	0
IS	450	88	88	0	0
IS	451	86	86	0	0
IS	452	128	128	0	0
IS	453	95	95	0	0
IS	454	101	101	0	0
IS	455	104	104	0	0
IS	456	87	87	0	0
IS	457	101	101	0	0
IS	458	96	96	0	0
IS	459	99	99	0	0
IS	460	95	95	0	0
IS	461	112	112	0	0
IS	462	92	92	0	0
IS	463	87	87	0	0
IS	464	86	86	0	0
IS	465	89	89	0	0
IS	466	91	91	0	0
IS	467	72	72	0	0
IS	468	106	105	0	1
IS	469	100	100	0	0
IS	470	90	90	0	0
IS	471	107	107	0	0
IS	472	89	89	0	0
IS	473	89	89	0	0
IS	474	81	81	0	0
IS	475	97	97	0	0
IS	476	80	80	0	0
IS	477	95	95	0	0
IS	478	85	85	0	0
IS	479	78	78	0	0
IS	480	94	94	0	0
IS	481	77	77	0	0
IS	482	92	92	0	0
IS	483	101	100	0	1
IS	484	85	85	0	0
IS	485	80	80	0	0
IS	486	72	72	0	0
IS	487	75	75	0	0
IS	488	91	91	0	0
IS	489	79	79	0	0
IS	490	79	79	0	0
IS	491	89	89	0	0
IS	492	96	96	0	0
IS	493	84	84	0	0
IS	494	95	94	0	1
IS	495	74	74	0	0
IS	496	75	75	0	0
IS	497	74	74	0	0
IS	498	62	62	0	0
IS	499	83	83	0	0
IS	500	80	79	0	1
IS	501	51	51	0	0
IS	502	76	76	0	0
IS	503	67	67	0	0
IS	504	80	80	0	0
IS	505	70	70	0	0
IS	506	64	64	0	0
IS	507	71	69	0	2
IS	508	79	79	0	0
IS	509	65	65	0	0
IS	510	73	73	0	0
IS	511	59	59	0	0
IS	512	88	88	0	0
# Read lengths. Use `grep ^RL | cut -f 2-` to extract this part. The columns are: read length, count
RL	100	1698
RL	101	1165975
# Indel distribution. Use `grep ^ID | cut -f 2-` to extract this part. The columns are: length, number of insertions, number of deletions
ID	1	7151	6635
ID	2	1709	1520
ID	3	530	653
ID	4	498	599
ID	5	322	188
ID	6	134	115
ID	7	135	106
ID	8	95	106
ID	9	38	38
ID	10	38	101
ID	11	36	5
ID	12	33	67
ID	13	26	43
ID	14	51	32
ID	15	11	40
ID	16	14	37
ID	17	1	39
ID	18	5	41
ID	19	7	30
ID	20	0	15
ID	21	1	31
ID	22	0	12
ID	25	0	3
ID	28	0	7
ID	30	0	3
ID	33	0	3
ID	42	0	1
# Indels per cycle. Use `grep ^IC | cut -f 2-` to extract this part. The columns are: cycle, number of insertions (fwd), .. (rev) , number of deletions (fwd), .. (rev)
IC	3	0	0	25	16
IC	4	24	34	30	38
IC	5	46	29	36	28
IC	6	43	35	34	35
IC	7	34	47	48	30
IC	8	30	29	42	48
IC	9	48	42	47	29
IC	10	48	41	51	33
IC	11	40	46	47	36
IC	12	58	56	46	36
IC	13	70	48	45	38
IC	14	69	52	58	65
IC	15	64	51	45	60
IC	16	70	70	49	49
IC	17	53	58	57	70
IC	18	74	46	56	54
IC	19	71	54	69	63
IC	20	76	61	67	57
IC	21	64	49	65	51
IC	22	66	61	74	62
IC	23	45	56	56	68
IC	24	52	44	57	67
IC	25	73	69	65	65
IC	26	55	63	59	67
IC	27	66	78	66	49
IC	28	74	62	78	60
IC	29	73	81	57	63
IC	30	64	73	46	76
IC	31	66	69	62	64
IC	32	61	76	60	60
IC	33	62	82	60	48
IC	34	82	41	62	66
IC	35	50	61	75	83
IC	36	47	58	61	44
IC	37	61	70	53	49
IC	38	78	65	78	60
IC	39	79	64	69	61
IC	40	67	65	59	49
IC	41	66	74	59	75
IC	42	68	65	71	67
IC	43	63	63	70	61
IC	44	82	57	73	66
IC	45	65	71	78	52
IC	46	68	62	53	54
IC	47	53	66	64	75
IC	48	68	72	78	63
IC	49	76	61	67	65
IC	50	69	66	57	70
IC	51	74	57	59	64
IC	52	63	53	68	68
IC	53	71	63	63	52
IC	54	60	62	70	53
IC	55	59	48	67	69
IC	56	76	72	69	50
IC	57	60	67	59	59
IC	58	54	57	65	74
IC	59	66	49	82	45
IC	60	55	56	62	53
IC	61	54	54	49	49
IC	62	59	65	59	52
IC	63	63	51	65	58
IC	64	64	52	58	56
IC	65	59	62	52	58
IC	66	76	57	63	53
IC	67	59	67	81	55
IC	68	51	53	59	55
IC	69	52	59	53	58
IC	70	71	44	65	48
IC	71	64	42	62	52
IC	72	79	45	53	58
IC	73	56	52	68	52
IC	74	69	61	64	62
IC	75	58	54	42	46
IC	76	62	52	53	58
IC	77	52	61	59	47
IC	78	53	61	67	43
IC	79	54	52	57	60
IC	80	61	61	52	48
IC	81	66	53	43	46
IC	82	53	55	47	38
IC	83	39	57	51	51
IC	84	53	42	54	38
IC	85	38	68	51	41
IC	86	52	39	35	46
IC	87	38	51	61	58
IC	88	59	42	44	33
IC	89	49	47	36	36
IC	90	33	39	37	35
IC	91	42	46	44	41
IC	92	32	32	37	43
IC	93	29	47	42	30
IC	94	36	36	34	31
IC	95	37	43	47	36
IC	96	34	53	44	26
IC	97	39	70	51	39
IC	98	52	67	55	60
# Coverage distribution. Use `grep ^COV | cut -f 2-` to extract this part.
COV	[1-1]	1	903659
COV	[2-2]	2	110961
COV	[3-3]	3	52012
COV	[4-4]	4	41700
COV	[5-5]	5	37695
COV	[6-6]	6	35682
COV	[7-7]	7	35863
COV	[8-8]	8	35684
COV	[9-9]	9	35820
COV	[10-10]	10	37096
COV	[11-11]	11	37322
COV	[12-12]	12	38917
COV	[13-13]	13	39928
COV	[14-14]	14	40038
COV	[15-15]	15	40155
COV	[16-16]	16	42555
COV	[17-17]	17	43772
COV	[18-18]	18	45893
COV	[19-19]	19	46220
COV	[20-20]	20	46688
COV	[21-21]	21	46853
COV	[22-22]	22	46794
COV	[23-23]	23	46911
COV	[24-24]	24	47130
COV	[25-25]	25	47235
COV	[26-26]	26	45794
COV	[27-27]	27	45972
COV	[28-28]	28	45855
COV	[29-29]	29	45215
COV	[30-30]	30	45436
COV	[31-31]	31	44850
COV	[32-32]	32	44184
COV	[33-33]	33	43648
COV	[34-34]	34	42414
COV	[35-35]	35	42456
COV	[36-36]	36	41421
COV	[37-37]	37	41124
COV	[38-38]	38	41252
COV	[39-39]	39	40911
COV	[40-40]	40	40008
COV	[41-41]	41	39483
COV	[42-42]	42	40083
COV	[43-43]	43	39760
COV	[44-44]	44	39576
COV	[45-45]	45	39613
COV	[46-46]	46	39694
COV	[47-47]	47	39780
COV	[48-48]	48	39786
COV	[49-49]	49	39888
COV	[50-50]	50	39057
COV	[51-51]	51	38758
COV	[52-52]	52	38576
COV	[53-53]	53	38185
COV	[54-54]	54	37389
COV	[55-55]	55	36551
COV	[56-56]	56	35558
COV	[57-57]	57	35495
COV	[58-58]	58	35096
COV	[59-59]	59	34177
COV	[60-60]	60	33547
COV	[61-61]	61	32802
COV	[62-62]	62	32369
COV	[63-63]	63	31491
COV	[64-64]	64	30645
COV	[65-65]	65	29655
COV	[66-66]	66	28626
COV	[67-67]	67	26952
COV	[68-68]	68	25370
COV	[69-69]	69	24555
COV	[70-70]	70	23293
COV	[71-71]	71	22230
COV	[72-72]	72	20686
COV	[73-73]	73	19700
COV	[74-74]	74	18644
COV	[75-75]	75	17492
COV	[76-76]	76	16518
COV	[77-77]	77	15065
COV	[78-78]	78	13816
COV	[79-79]	79	12590
COV	[80-80]	80	11314
COV	[81-81]	81	10234
COV	[82-82]	82	9226
COV	[83-83]	83	8362
COV	[84-84]	84	7166
COV	[85-85]	85	6649
COV	[86-86]	86	5705
COV	[87-87]	87	5022
COV	[88-88]	88	4338
COV	[89-89]	89	3680
COV	[90-90]	90	3278
COV	[91-91]	91	2935
COV	[92-92]	92	2603
COV	[93-93]	93	2384
COV	[94-94]	94	1990
COV	[95-95]	95	1701
COV	[96-96]	96	1541
COV	[97-97]	97	1286
COV	[98-98]	98	1102
COV	[99-99]	99	1049
COV	[100-100]	100	937
COV	[101-101]	101	800
COV	[102-102]	102	757
COV	[103-103]	103	669
COV	[104-104]	104	638
COV	[105-105]	105	585
COV	[106-106]	106	568
COV	[107-107]	107	523
COV	[108-108]	108	485
COV	[109-109]	109	429
COV	[110-110]	110	371
COV	[111-111]	111	362
COV	[112-112]	112	300
COV	[113-113]	113	299
COV	[114-114]	114	290
COV	[115-115]	115	262
COV	[116-116]	116	251
COV	[117-117]	117	280
COV	[118-118]	118	228
COV	[119-119]	119	225
COV	[120-120]	120	211
COV	[121-121]	121	200
COV	[122-122]	122	173
COV	[123-123]	123	167
COV	[124-124]	124	164
COV	[125-125]	125	169
COV	[126-126]	126	141
COV	[127-127]	127	143
COV	[128-128]	128	149
COV	[129-129]	129	142
COV	[130-130]	130	124
COV	[131-131]	131	121
COV	[132-132]	132	119
COV	[133-133]	133	116
COV	[134-134]	134	110
COV	[135-135]	135	121
COV	[136-136]	136	112
COV	[137-137]	137	108
COV	[138-138]	138	93
COV	[139-139]	139	97
COV	[140-140]	140	96
COV	[141-141]	141	74
COV	[142-142]	142	85
COV	[143-143]	143	75
COV	[144-144]	144	95
COV	[145-145]	145	100
COV	[146-146]	146	94
COV	[147-147]	147	79
COV	[148-148]	148	100
COV	[149-149]	149	99
COV	[150-150]	150	113
COV	[151-151]	151	114
COV	[152-152]	152	98
COV	[153-153]	153	117
COV	[154-154]	154	98
COV	[155-155]	155	104
COV	[156-156]	156	111
COV	[157-157]	157	101
COV	[158-158]	158	103
COV	[159-159]	159	95
COV	[160-160]	160	98
COV	[161-161]	161	89
COV	[162-162]	162	93
COV	[163-163]	163	76
COV	[164-164]	164	87
COV	[165-165]	165	69
COV	[166-166]	166	70
COV	[167-167]	167	67
COV	[168-168]	168	63
COV	[169-169]	169	40
COV	[170-170]	170	48
COV	[171-171]	171	64
COV	[172-172]	172	61
COV	[173-173]	173	51
COV	[174-174]	174	38
COV	[175-175]	175	43
COV	[176-176]	176	56
COV	[177-177]	177	45
COV	[178-178]	178	52
COV	[179-179]	179	44
COV	[180-180]	180	36
COV	[181-181]	181	55
COV	[182-182]	182	60
COV	[183-183]	183	36
COV	[184-184]	184	42
COV	[185-185]	185	59
COV	[186-186]	186	54
COV	[187-187]	187	59
COV	[188-188]	188	53
COV	[189-189]	189	58
COV	[190-190]	190	57
COV	[191-191]	191	61
COV	[192-192]	192	64
COV	[193-193]	193	46
COV	[194-194]	194	58
COV	[195-195]	195	50
COV	[196-196]	196	62
COV	[197-197]	197	55
COV	[198-198]	198	53
COV	[199-199]	199	42
COV	[200-200]	200	42
COV	[201-201]	201	41
COV	[202-202]	202	52
COV	[203-203]	203	52
COV	[204-204]	204	44
COV	[205-205]	205	61
COV	[206-206]	206	55
COV	[207-207]	207	49
COV	[208-208]	208	49
COV	[209-209]	209	50
COV	[210-210]	210	39
COV	[211-211]	211	40
COV	[212-212]	212	34
COV	[213-213]	213	31
COV	[214-214]	214	28
COV	[215-215]	215	26
COV	[216-216]	216	31
COV	[217-217]	217	36
COV	[218-218]	218	23
COV	[219-219]	219	26
COV	[220-220]	220	33
COV	[221-221]	221	23
COV	[222-222]	222	25
COV	[223-223]	223	24
COV	[224-224]	224	40
COV	[225-225]	225	38
COV	[226-226]	226	33
COV	[227-227]	227	37
COV	[228-228]	228	28
COV	[229-229]	229	33
COV	[230-230]	230	32
COV	[231-231]	231	30
COV	[232-232]	232	33
COV	[233-233]	233	34
COV	[234-234]	234	41
COV	[235-235]	235	39
COV	[236-236]	236	31
COV	[237-237]	237	46
COV	[238-238]	238	37
COV	[239-239]	239	47
COV	[240-240]	240	48
COV	[241-241]	241	37
COV	[242-242]	242	40
COV	[243-243]	243	34
COV	[244-244]	244	32
COV	[245-245]	245	29
COV	[246-246]	246	22
COV	[247-247]	247	27
COV	[248-248]	248	25
COV	[249-249]	249	33
COV	[250-250]	250	41
COV	[251-251]	251	42
COV	[252-252]	252	30
COV	[253-253]	253	33
COV	[254-254]	254	28
COV	[255-255]	255	15
COV	[256-256]	256	22
COV	[257-257]	257	21
COV	[258-258]	258	22
COV	[259-259]	259	24
COV	[260-260]	260	31
COV	[261-261]	261	19
COV	[262-262]	262	16
COV	[263-263]	263	18
COV	[264-264]	264	17
COV	[265-265]	265	21
COV	[266-266]	266	24
COV	[267-267]	267	16
COV	[268-268]	268	19
COV	[269-269]	269	13
COV	[270-270]	270	20
COV	[271-271]	271	12
COV	[272-272]	272	12
COV	[273-273]	273	20
COV	[274-274]	274	9
COV	[275-275]	275	21
COV	[276-276]	276	13
COV	[277-277]	277	12
COV	[278-278]	278	16
COV	[279-279]	279	10
COV	[280-280]	280	16
COV	[281-281]	281	10
COV	[282-282]	282	18
COV	[283-283]	283	14
COV	[284-284]	284	16
COV	[285-285]	285	13
COV	[286-286]	286	11
COV	[287-287]	287	16
COV	[288-288]	288	6
COV	[289-289]	289	7
COV	[290-290]	290	9
COV	[291-291]	291	11
COV	[292-292]	292	6
COV	[293-293]	293	10
COV	[294-294]	294	3
COV	[295-295]	295	7
COV	[296-296]	296	9
COV	[297-297]	297	10
COV	[298-298]	298	6
COV	[299-299]	299	5
COV	[300-300]	300	5
COV	[301-301]	301	5
COV	[302-302]	302	4
COV	[303-303]	303	4
COV	[304-304]	304	2
COV	[305-305]	305	5
COV	[306-306]	306	3
COV	[307-307]	307	6
COV	[308-308]	308	4
COV	[309-309]	309	4
COV	[310-310]	310	5
COV	[311-311]	311	9
COV	[312-312]	312	5
COV	[313-313]	313	9
COV	[314-314]	314	5
COV	[315-315]	315	4
COV	[316-316]	316	2
COV	[317-317]	317	6
COV	[318-318]	318	3
COV	[319-319]	319	5
COV	[320-320]	320	2
COV	[321-321]	321	4
COV	[322-322]	322	3
COV	[323-323]	323	4
COV	[324-324]	324	8
COV	[325-325]	325	2
COV	[326-326]	326	3
COV	[327-327]	327	5
COV	[328-328]	328	2
COV	[330-330]	330	1
COV	[332-332]	332	4
COV	[333-333]	333	3
COV	[334-334]	334	2
COV	[336-336]	336	4
COV	[337-337]	337	4
COV	[338-338]	338	4
COV	[339-339]	339	4
COV	[340-340]	340	1
COV	[342-342]	342	3
COV	[343-343]	343	2
COV	[344-344]	344	2
COV	[345-345]	345	3
COV	[346-346]	346	1
COV	[347-347]	347	5
COV	[348-348]	348	2
COV	[349-349]	349	1
COV	[350-350]	350	1
COV	[361-361]	361	1
COV	[363-363]	363	1
COV	[364-364]	364	1
COV	[366-366]	366	2
COV	[372-372]	372	2
COV	[374-374]	374	1
COV	[375-375]	375	5
COV	[377-377]	377	2
COV	[379-379]	379	1
COV	[382-382]	382	1
COV	[385-385]	385	1
COV	[386-386]	386	1
COV	[389-389]	389	1
COV	[391-391]	391	1
COV	[393-393]	393	1
COV	[396-396]	396	1
COV	[403-403]	403	1
COV	[406-406]	406	1
COV	[407-407]	407	2
COV	[409-409]	409	1
COV	[413-413]	413	1
COV	[414-414]	414	1
COV	[418-418]	418	2
COV	[419-419]	419	1
COV	[421-421]	421	1
COV	[428-428]	428	1
COV	[430-430]	430	1
COV	[431-431]	431	1
COV	[433-433]	433	1
COV	[436-436]	436	1
COV	[444-444]	444	1
COV	[448-448]	448	1
COV	[449-449]	449	1
COV	[458-458]	458	2
COV	[462-462]	462	1
COV	[468-468]	468	2
COV	[474-474]	474	2
COV	[479-479]	479	1
COV	[486-486]	486	1
COV	[497-497]	497	1
COV	[501-501]	501	1
COV	[502-502]	502	1
COV	[505-505]	505	1
COV	[510-510]	510	1
COV	[524-524]	524	1
COV	[526-526]	526	1
COV	[531-531]	531	1
COV	[534-534]	534	1
COV	[537-537]	537	1
COV	[543-543]	543	1
COV	[545-545]	545	1
COV	[553-553]	553	1
COV	[558-558]	558	1
COV	[559-559]	559	1
COV	[578-578]	578	1
COV	[579-579]	579	2
COV	[588-588]	588	1
COV	[590-590]	590	1
COV	[592-592]	592	1
COV	[596-596]	596	1
COV	[605-605]	605	1
COV	[607-607]	607	1
COV	[618-618]	618	1
COV	[621-621]	621	1
COV	[627-627]	627	1
COV	[629-629]	629	1
COV	[648-648]	648	1
COV	[650-650]	650	1
COV	[652-652]	652	1
COV	[665-665]	665	1
COV	[669-669]	669	1
COV	[680-680]	680	1
COV	[681-681]	681	1
COV	[689-689]	689	1
COV	[692-692]	692	1
COV	[697-697]	697	1
COV	[700-700]	700	1
COV	[717-717]	717	1
COV	[720-720]	720	1
COV	[732-732]	732	1
COV	[733-733]	733	1
COV	[750-750]	750	2
COV	[755-755]	755	1
COV	[764-764]	764	1
COV	[767-767]	767	1
COV	[777-777]	777	1
COV	[789-789]	789	1
COV	[802-802]	802	1
COV	[806-806]	806	1
COV	[809-809]	809	1
COV	[818-818]	818	1
COV	[821-821]	821	1
COV	[827-827]	827	1
COV	[841-841]	841	1
COV	[843-843]	843	1
COV	[847-847]	847	1
COV	[851-851]	851	1
COV	[854-854]	854	1
COV	[872-872]	872	1
COV	[875-875]	875	1
COV	[876-876]	876	1
COV	[889-889]	889	2
COV	[898-898]	898	1
COV	[902-902]	902	1
COV	[909-909]	909	1
COV	[917-917]	917	1
COV	[922-922]	922	1
COV	[928-928]	928	1
COV	[929-929]	929	1
COV	[946-946]	946	1
COV	[948-948]	948	2
COV	[951-951]	951	1
COV	[970-970]	970	1
COV	[975-975]	975	1
COV	[981-981]	981	1
COV	[989-989]	989	1
COV	[999-999]	999	1
COV	[1000<]	1000	289
# GC-depth. Use `grep ^GCD | cut -f 2-` to extract this part. The columns are: GC%, unique sequence percentiles, 10th, 25th, 50th, 75th and 90th depth percentile
GCD	0.0	0.136	0.000	0.000	0.000	0.000	0.000
GCD	4.3	0.204	0.040	0.040	0.040	0.040	0.040
GCD	22.0	0.271	0.105	0.105	0.105	0.105	0.105
GCD	24.0	0.407	0.015	0.015	0.015	0.065	0.065
GCD	25.0	0.543	0.010	0.010	0.010	0.295	0.295
GCD	26.0	0.814	0.020	0.020	0.020	0.035	0.220
GCD	27.0	0.950	0.010	0.010	0.010	0.015	0.015
GCD	28.0	1.085	0.020	0.020	0.020	0.025	0.025
GCD	29.0	1.357	0.010	0.010	0.010	0.030	0.055
GCD	30.0	1.628	0.005	0.005	0.010	0.025	0.065
GCD	31.0	2.171	0.005	0.015	0.065	0.790	1.920
GCD	32.0	3.460	0.010	0.015	0.025	0.045	2.745
GCD	33.0	5.156	0.010	0.015	0.045	2.265	4.390
GCD	34.0	6.581	0.015	0.020	0.040	3.025	3.490
GCD	35.0	10.109	0.010	0.025	1.580	5.355	9.075
GCD	36.0	13.976	0.010	0.015	0.030	1.690	8.085
GCD	37.0	17.707	0.015	0.020	0.075	4.535	13.695
GCD	38.0	21.710	0.015	0.020	0.035	3.070	7.625
GCD	39.0	26.730	0.020	0.025	0.045	3.280	9.590
GCD	40.0	31.615	0.010	0.025	0.035	1.415	5.730
GCD	41.0	36.974	0.015	0.020	0.035	2.220	7.520
GCD	42.0	43.148	0.015	0.030	0.040	1.940	4.475
GCD	43.0	48.100	0.015	0.020	0.040	2.375	8.430
GCD	44.0	53.799	0.015	0.020	0.035	2.490	5.920
GCD	45.0	58.887	0.015	0.025	0.035	3.815	9.140
GCD	46.0	63.908	0.015	0.025	0.040	5.645	12.460
GCD	47.0	68.725	0.015	0.025	0.040	2.480	9.745
GCD	48.0	73.202	0.020	0.025	0.050	7.070	14.985
GCD	49.0	76.934	0.015	0.030	0.055	6.990	12.940
GCD	50.0	80.529	0.015	0.025	0.060	7.120	16.835
GCD	51.0	83.514	0.015	0.025	0.070	11.160	22.475
GCD	52.0	85.075	0.020	0.030	0.315	13.485	18.020
GCD	53.0	86.906	0.010	0.020	2.180	10.105	28.485
GCD	54.0	88.874	0.010	0.025	6.040	19.290	23.650
GCD	55.0	90.095	0.020	0.030	2.510	10.960	14.110
GCD	56.0	91.248	0.010	0.015	2.650	11.525	26.720
GCD	57.0	92.198	0.040	0.050	6.405	17.700	27.845
GCD	58.0	93.284	0.005	1.235	15.205	19.855	26.735
GCD	59.0	94.369	0.055	3.640	8.665	22.680	27.830
GCD	60.0	95.115	0.020	4.560	5.085	18.390	24.555
GCD	61.0	96.201	0.010	0.060	6.640	22.390	42.605
GCD	62.0	96.811	0.020	0.510	12.685	20.660	23.340
GCD	63.0	97.626	0.020	1.615	5.290	13.210	30.365
GCD	64.0	98.507	0.045	2.965	13.445	18.510	35.045
GCD	65.0	98.915	0.025	0.025	2.770	48.150	51.085
GCD	66.0	99.254	0.340	0.340	8.895	14.355	52.630
GCD	68.0	99.525	0.005	0.005	2.750	3.060	7.300
GCD	69.0	99.593	3.935	3.935	3.935	3.935	3.935
GCD	72.0	99.729	2.550	2.550	2.550	3.550	3.550
GCD	73.0	99.864	2.085	2.085	2.085	2.605	2.605
GCD	76.0	99.932	1.680	1.680	1.680	1.680	1.680
GCD	78.0	100.000	0.715	0.715	0.715	0.715	0.715
